Move.LEFT
[-1 -1]
[[0. 0. 0. 0.]
 [0. 0. 2. 0.]
 [0. 0. 0. 4.]
 [0. 0. 0. 0.]]
Move.LEFT
[1 1]
[[0. 0. 0. 0.]
 [2. 2. 0. 0.]
 [4. 0. 0. 0.]
 [0. 0. 0. 0.]]
Move.DOWN
[3 0]
[[0. 0. 0. 0.]
 [4. 0. 0. 0.]
 [4. 0. 0. 0.]
 [2. 0. 0. 0.]]
Move.LEFT
[0 1]
[[0. 2. 0. 0.]
 [0. 0. 0. 0.]
 [8. 0. 0. 0.]
 [2. 0. 0. 0.]]
Move.LEFT
[2 3]
[[2. 0. 0. 0.]
 [0. 0. 0. 0.]
 [8. 0. 0. 2.]
 [2. 0. 0. 0.]]
Move.LEFT
[1 1]
[[2. 0. 0. 0.]
 [0. 4. 0. 0.]
 [8. 2. 0. 0.]
 [2. 0. 0. 0.]]
Move.LEFT
[2 3]
[[2. 0. 0. 0.]
 [4. 0. 0. 0.]
 [8. 2. 0. 4.]
 [2. 0. 0. 0.]]
Move.LEFT
[0 3]
[[2. 0. 0. 2.]
 [4. 0. 0. 0.]
 [8. 2. 4. 0.]
 [2. 0. 0. 0.]]
Move.LEFT
[3 2]
[[4. 0. 0. 0.]
 [4. 0. 0. 0.]
 [8. 2. 4. 0.]
 [2. 0. 2. 0.]]
Move.LEFT
[1 3]
[[4. 0. 0. 0.]
 [4. 0. 0. 2.]
 [8. 2. 4. 0.]
 [4. 0. 0. 0.]]
Move.LEFT
[3 3]
[[4. 0. 0. 0.]
 [4. 2. 0. 0.]
 [8. 2. 4. 0.]
 [4. 0. 0. 2.]]
Move.LEFT
[0 2]
[[4. 0. 2. 0.]
 [4. 2. 0. 0.]
 [8. 2. 4. 0.]
 [4. 2. 0. 0.]]
Move.LEFT
[1 2]
[[4. 2. 0. 0.]
 [4. 2. 2. 0.]
 [8. 2. 4. 0.]
 [4. 2. 0. 0.]]
Move.LEFT
[0 2]
[[4. 2. 2. 0.]
 [4. 4. 0. 0.]
 [8. 2. 4. 0.]
 [4. 2. 0. 0.]]
Move.LEFT
[1 3]
[[4. 4. 0. 0.]
 [8. 0. 0. 2.]
 [8. 2. 4. 0.]
 [4. 2. 0. 0.]]
Move.DOWN
[0 1]
[[8. 4. 0. 0.]
 [8. 2. 0. 0.]
 [8. 2. 4. 0.]
 [4. 2. 0. 0.]]
Move.LEFT
[2 3]
[[ 0.  0.  0.  0.]
 [ 8.  4.  0.  0.]
 [16.  2.  0.  2.]
 [ 4.  4.  4.  0.]]
Move.LEFT
[3 3]
[[ 0.  0.  0.  0.]
 [ 8.  4.  0.  0.]
 [16.  4.  0.  0.]
 [ 8.  4.  0.  2.]]
Move.LEFT
[3 3]
[[ 0.  0.  0.  0.]
 [ 8.  4.  0.  0.]
 [16.  4.  0.  0.]
 [ 8.  4.  2.  2.]]
Move.LEFT
[3 3]
[[ 0.  0.  0.  0.]
 [ 8.  4.  0.  0.]
 [16.  4.  0.  0.]
 [ 8.  4.  4.  2.]]
Move.LEFT
[0 3]
[[ 0.  0.  0.  2.]
 [ 8.  4.  0.  0.]
 [16.  4.  0.  0.]
 [ 8.  8.  2.  0.]]
Move.LEFT
[0 1]
[[ 2.  2.  0.  0.]
 [ 8.  4.  0.  0.]
 [16.  4.  0.  0.]
 [16.  2.  0.  0.]]
Move.LEFT
[2 3]
[[ 4.  0.  0.  0.]
 [ 8.  4.  0.  0.]
 [16.  4.  0.  2.]
 [16.  2.  0.  0.]]
Move.LEFT
[3 2]
[[ 4.  0.  0.  0.]
 [ 8.  4.  0.  0.]
 [16.  4.  2.  0.]
 [16.  2.  2.  0.]]
Move.DOWN
[3 2]
[[ 4.  0.  0.  0.]
 [ 8.  4.  0.  0.]
 [16.  4.  2.  0.]
 [16.  4.  2.  0.]]
Move.DOWN
[1 2]
[[ 0.  0.  0.  0.]
 [ 4.  0.  2.  0.]
 [ 8.  4.  0.  0.]
 [32.  8.  4.  0.]]
Move.RIGHT
[1 1]
[[ 0.  0.  0.  0.]
 [ 4.  2.  0.  0.]
 [ 8.  4.  2.  0.]
 [32.  8.  4.  0.]]
Move.DOWN
[0 2]
[[ 0.  0.  2.  0.]
 [ 0.  0.  4.  2.]
 [ 0.  8.  4.  2.]
 [ 0. 32.  8.  4.]]
Move.LEFT
[0 1]
[[ 0.  2.  0.  0.]
 [ 0.  0.  2.  0.]
 [ 0.  8.  8.  4.]
 [ 0. 32.  8.  4.]]
Move.LEFT
[1 2]
[[ 2.  0.  0.  0.]
 [ 2.  0.  2.  0.]
 [16.  4.  0.  0.]
 [32.  8.  4.  0.]]
Move.LEFT
[0 3]
[[ 2.  0.  0.  2.]
 [ 4.  0.  0.  0.]
 [16.  4.  0.  0.]
 [32.  8.  4.  0.]]
Move.DOWN
[0 1]
[[ 4.  2.  0.  0.]
 [ 4.  0.  0.  0.]
 [16.  4.  0.  0.]
 [32.  8.  4.  0.]]
Move.RIGHT
[3 3]
[[ 0.  0.  0.  0.]
 [ 8.  2.  0.  0.]
 [16.  4.  0.  0.]
 [32.  8.  4.  2.]]
Move.LEFT
[0 2]
[[ 0.  0.  4.  0.]
 [ 0.  0.  8.  2.]
 [ 0.  0. 16.  4.]
 [32.  8.  4.  2.]]
Move.LEFT
[1 3]
[[ 4.  0.  0.  0.]
 [ 8.  2.  0.  2.]
 [16.  4.  0.  0.]
 [32.  8.  4.  2.]]
Move.DOWN
[2 2]
[[ 4.  0.  0.  0.]
 [ 8.  4.  0.  0.]
 [16.  4.  2.  0.]
 [32.  8.  4.  2.]]
Move.LEFT
[1 3]
[[ 4.  0.  0.  0.]
 [ 8.  0.  0.  2.]
 [16.  8.  2.  0.]
 [32.  8.  4.  2.]]
Move.LEFT
[0 3]
[[ 4.  0.  0.  2.]
 [ 8.  2.  0.  0.]
 [16.  8.  2.  0.]
 [32.  8.  4.  2.]]
Move.LEFT
[1 3]
[[ 4.  2.  0.  0.]
 [ 8.  2.  0.  2.]
 [16.  8.  2.  0.]
 [32.  8.  4.  2.]]
Move.LEFT
[0 2]
[[ 4.  2.  2.  0.]
 [ 8.  4.  0.  0.]
 [16.  8.  2.  0.]
 [32.  8.  4.  2.]]
Move.LEFT
[1 3]
[[ 4.  4.  0.  0.]
 [ 8.  4.  0.  2.]
 [16.  8.  2.  0.]
 [32.  8.  4.  2.]]
Move.LEFT
[1 3]
[[ 8.  0.  0.  0.]
 [ 8.  4.  2.  2.]
 [16.  8.  2.  0.]
 [32.  8.  4.  2.]]
Move.LEFT
[2 3]
[[ 8.  0.  0.  0.]
 [ 8.  4.  4.  0.]
 [16.  8.  2.  2.]
 [32.  8.  4.  2.]]
Move.LEFT
[1 3]
[[ 8.  0.  0.  0.]
 [ 8.  8.  0.  2.]
 [16.  8.  4.  0.]
 [32.  8.  4.  2.]]
Move.LEFT
[1 3]
[[ 8.  0.  0.  0.]
 [16.  2.  0.  2.]
 [16.  8.  4.  0.]
 [32.  8.  4.  2.]]
Move.LEFT
[0 2]
[[ 8.  0.  2.  0.]
 [16.  4.  0.  0.]
 [16.  8.  4.  0.]
 [32.  8.  4.  2.]]
Move.DOWN
[2 3]
[[ 8.  2.  0.  0.]
 [16.  4.  0.  0.]
 [16.  8.  4.  2.]
 [32.  8.  4.  2.]]
Move.DOWN
[2 2]
[[ 0.  0.  0.  0.]
 [ 8.  2.  0.  0.]
 [32.  4.  2.  0.]
 [32. 16.  8.  4.]]
Move.DOWN
[0 2]
[[ 0.  0.  2.  0.]
 [ 0.  2.  0.  0.]
 [ 8.  4.  2.  0.]
 [64. 16.  8.  4.]]
Move.DOWN
[0 0]
[[ 2.  0.  0.  0.]
 [ 0.  2.  0.  0.]
 [ 8.  4.  4.  0.]
 [64. 16.  8.  4.]]
Move.DOWN
[0 2]
[[ 0.  0.  2.  0.]
 [ 2.  2.  0.  0.]
 [ 8.  4.  4.  0.]
 [64. 16.  8.  4.]]
Move.DOWN
[0 1]
[[ 0.  2.  0.  0.]
 [ 2.  2.  2.  0.]
 [ 8.  4.  4.  0.]
 [64. 16.  8.  4.]]
Move.DOWN
[1 3]
[[ 0.  0.  0.  0.]
 [ 2.  4.  2.  2.]
 [ 8.  4.  4.  0.]
 [64. 16.  8.  4.]]
Move.DOWN
[0 3]
[[ 0.  0.  0.  2.]
 [ 2.  0.  2.  0.]
 [ 8.  8.  4.  2.]
 [64. 16.  8.  4.]]
Move.DOWN
[0 2]
[[ 0.  0.  2.  0.]
 [ 2.  0.  2.  0.]
 [ 8.  8.  4.  4.]
 [64. 16.  8.  4.]]
Move.DOWN
[2 3]
[[ 0.  0.  0.  0.]
 [ 2.  0.  4.  0.]
 [ 8.  8.  4.  2.]
 [64. 16.  8.  8.]]
Move.DOWN
[1 2]
[[ 0.  0.  0.  0.]
 [ 2.  0.  2.  0.]
 [ 8.  8.  8.  2.]
 [64. 16.  8.  8.]]
Move.DOWN
[0 2]
[[ 0.  0.  2.  0.]
 [ 2.  0.  0.  0.]
 [ 8.  8.  2.  2.]
 [64. 16. 16.  8.]]
Move.LEFT
[1 2]
[[ 0.  0.  0.  0.]
 [ 2.  0.  2.  0.]
 [ 8.  8.  4.  2.]
 [64. 16. 16.  8.]]
Move.DOWN
[0 3]
[[ 0.  0.  0.  2.]
 [ 4.  0.  0.  0.]
 [16.  4.  2.  0.]
 [64. 32.  8.  0.]]
Move.DOWN
[1 3]
[[ 0.  0.  0.  0.]
 [ 4.  0.  0.  2.]
 [16.  4.  2.  0.]
 [64. 32.  8.  2.]]
Move.DOWN
[0 3]
[[ 0.  0.  0.  2.]
 [ 4.  0.  0.  0.]
 [16.  4.  2.  0.]
 [64. 32.  8.  4.]]
Move.DOWN
[0 2]
[[ 0.  0.  2.  0.]
 [ 4.  0.  0.  0.]
 [16.  4.  2.  2.]
 [64. 32.  8.  4.]]
Move.LEFT
[1 2]
[[ 0.  0.  0.  0.]
 [ 4.  0.  2.  0.]
 [16.  4.  4.  2.]
 [64. 32.  8.  4.]]
Move.DOWN
[1 3]
[[ 0.  0.  0.  0.]
 [ 4.  2.  0.  2.]
 [16.  8.  2.  0.]
 [64. 32.  8.  4.]]
Move.DOWN
[1 2]
[[ 0.  0.  0.  0.]
 [ 4.  2.  2.  0.]
 [16.  8.  2.  2.]
 [64. 32.  8.  4.]]
Move.DOWN
[0 2]
[[ 0.  0.  2.  0.]
 [ 4.  2.  0.  0.]
 [16.  8.  4.  2.]
 [64. 32.  8.  4.]]
Move.DOWN
[0 3]
[[ 0.  0.  0.  2.]
 [ 4.  2.  2.  0.]
 [16.  8.  4.  2.]
 [64. 32.  8.  4.]]
Move.DOWN
[0 0]
[[ 2.  0.  0.  0.]
 [ 4.  2.  2.  0.]
 [16.  8.  4.  4.]
 [64. 32.  8.  4.]]
Move.LEFT
[2 3]
[[ 2.  0.  0.  0.]
 [ 4.  2.  2.  0.]
 [16.  8.  4.  2.]
 [64. 32.  8.  8.]]
Move.DOWN
[3 3]
[[ 2.  0.  0.  0.]
 [ 4.  4.  0.  0.]
 [16.  8.  4.  2.]
 [64. 32. 16.  2.]]
Move.DOWN
[0 3]
[[ 2.  0.  0.  4.]
 [ 4.  4.  0.  0.]
 [16.  8.  4.  0.]
 [64. 32. 16.  4.]]
Move.LEFT
[1 2]
[[ 2.  0.  0.  0.]
 [ 4.  4.  2.  0.]
 [16.  8.  4.  0.]
 [64. 32. 16.  8.]]
Move.DOWN
[0 3]
[[ 2.  0.  0.  2.]
 [ 8.  2.  0.  0.]
 [16.  8.  4.  0.]
 [64. 32. 16.  8.]]
Move.DOWN
[0 3]
[[ 2.  0.  0.  2.]
 [ 8.  2.  0.  0.]
 [16.  8.  4.  2.]
 [64. 32. 16.  8.]]
Move.DOWN
[0 2]
[[ 2.  0.  2.  0.]
 [ 8.  2.  0.  0.]
 [16.  8.  4.  4.]
 [64. 32. 16.  8.]]
Move.DOWN
[0 3]
[[ 2.  0.  0.  2.]
 [ 8.  2.  2.  0.]
 [16.  8.  4.  4.]
 [64. 32. 16.  8.]]
Move.DOWN
[0 3]
[[ 2.  0.  0.  2.]
 [ 8.  2.  2.  2.]
 [16.  8.  4.  4.]
 [64. 32. 16.  8.]]
Move.DOWN
[0 3]
[[ 2.  0.  0.  4.]
 [ 8.  2.  2.  4.]
 [16.  8.  4.  4.]
 [64. 32. 16.  8.]]
Move.DOWN
[0 2]
[[ 2.  0.  2.  0.]
 [ 8.  2.  2.  4.]
 [16.  8.  4.  8.]
 [64. 32. 16.  8.]]
Move.DOWN
[0 1]
[[ 2.  2.  0.  0.]
 [ 8.  2.  4.  0.]
 [16.  8.  4.  4.]
 [64. 32. 16. 16.]]
Move.LEFT
[1 3]
[[ 2.  0.  0.  0.]
 [ 8.  4.  0.  2.]
 [16.  8.  8.  4.]
 [64. 32. 16. 16.]]
Move.DOWN
[2 3]
[[ 2.  0.  0.  0.]
 [ 8.  4.  2.  0.]
 [16. 16.  4.  2.]
 [64. 32. 32.  0.]]
Move.LEFT
[0 1]
[[ 2.  2.  0.  0.]
 [ 8.  4.  2.  0.]
 [16. 16.  4.  0.]
 [64. 32. 32.  2.]]
Move.DOWN
[0 1]
[[ 4.  2.  0.  0.]
 [ 8.  4.  2.  0.]
 [32.  4.  0.  0.]
 [64. 64.  2.  0.]]
Move.DOWN
[0 1]
[[ 4.  2.  0.  0.]
 [ 8.  2.  0.  0.]
 [32.  8.  0.  0.]
 [64. 64.  4.  0.]]
Move.DOWN
[0 3]
[[ 4.  0.  0.  2.]
 [ 8.  4.  0.  0.]
 [32.  8.  0.  0.]
 [64. 64.  4.  0.]]
Move.DOWN
[0 2]
[[ 4.  0.  2.  0.]
 [ 8.  4.  0.  0.]
 [32.  8.  0.  0.]
 [64. 64.  4.  2.]]
Move.DOWN
[2 3]
[[ 4.  0.  0.  0.]
 [ 8.  4.  0.  0.]
 [32.  8.  2.  2.]
 [64. 64.  4.  2.]]
Move.DOWN
[1 3]
[[ 4.  0.  0.  0.]
 [ 8.  4.  0.  2.]
 [32.  8.  2.  0.]
 [64. 64.  4.  4.]]
Move.LEFT
[0 1]
[[ 4.  2.  0.  0.]
 [ 8.  4.  0.  0.]
 [32.  8.  2.  2.]
 [64. 64.  4.  4.]]
Move.DOWN
[0 2]
[[  4.   2.   4.   0.]
 [  8.   4.   0.   0.]
 [ 32.   8.   4.   0.]
 [128.   8.   0.   0.]]
Move.LEFT
[2 3]
[[  4.   0.   0.   0.]
 [  8.   2.   0.   0.]
 [ 32.   4.   0.   2.]
 [128.  16.   8.   0.]]
Move.LEFT
[1 2]
[[  4.   0.   0.   0.]
 [  8.   2.   2.   0.]
 [ 32.   4.   2.   0.]
 [128.  16.   8.   0.]]
Move.DOWN
[0 1]
[[  4.   2.   0.   0.]
 [  8.   4.   0.   0.]
 [ 32.   4.   2.   0.]
 [128.  16.   8.   0.]]
Move.RIGHT
[3 3]
[[  4.   0.   0.   0.]
 [  8.   2.   0.   0.]
 [ 32.   8.   2.   0.]
 [128.  16.   8.   2.]]
Move.LEFT
[1 1]
[[  0.   0.   0.   4.]
 [  0.   2.   8.   2.]
 [  0.  32.   8.   2.]
 [128.  16.   8.   2.]]
Move.LEFT
[2 3]
[[  4.   0.   0.   0.]
 [  2.   8.   2.   0.]
 [ 32.   8.   2.   2.]
 [128.  16.   8.   2.]]
Move.DOWN
[2 3]
[[  4.   0.   0.   0.]
 [  2.   8.   2.   0.]
 [ 32.   8.   4.   2.]
 [128.  16.   8.   2.]]
Move.LEFT
[0 2]
[[  4.   0.   2.   0.]
 [  2.   0.   2.   0.]
 [ 32.  16.   4.   0.]
 [128.  16.   8.   4.]]
Move.DOWN
[2 3]
[[  4.   2.   0.   0.]
 [  4.   0.   0.   0.]
 [ 32.  16.   4.   2.]
 [128.  16.   8.   4.]]
Move.DOWN
[0 3]
[[  0.   0.   0.   4.]
 [  8.   0.   0.   0.]
 [ 32.   2.   4.   2.]
 [128.  32.   8.   4.]]
Move.DOWN
[0 1]
[[  0.   2.   0.   0.]
 [  8.   0.   0.   4.]
 [ 32.   2.   4.   2.]
 [128.  32.   8.   4.]]
Move.LEFT
[1 2]
[[  0.   0.   0.   0.]
 [  8.   0.   2.   4.]
 [ 32.   4.   4.   2.]
 [128.  32.   8.   4.]]
Move.LEFT
[0 2]
[[  0.   0.   2.   0.]
 [  8.   2.   4.   0.]
 [ 32.   8.   2.   0.]
 [128.  32.   8.   4.]]
Move.DOWN
[1 3]
[[  2.   0.   0.   0.]
 [  8.   2.   4.   2.]
 [ 32.   8.   2.   0.]
 [128.  32.   8.   4.]]
Move.LEFT
[0 3]
[[  2.   0.   0.   2.]
 [  8.   2.   4.   0.]
 [ 32.   8.   2.   2.]
 [128.  32.   8.   4.]]
Move.LEFT
[0 3]
[[  4.   0.   0.   2.]
 [  8.   2.   4.   0.]
 [ 32.   8.   4.   0.]
 [128.  32.   8.   4.]]
Move.DOWN
[2 3]
[[  4.   2.   0.   0.]
 [  8.   2.   4.   0.]
 [ 32.   8.   4.   2.]
 [128.  32.   8.   4.]]
Move.LEFT
[1 3]
[[  4.   0.   0.   0.]
 [  8.   4.   0.   2.]
 [ 32.   8.   8.   2.]
 [128.  32.   8.   4.]]
Move.LEFT
[1 3]
[[  4.   0.   0.   0.]
 [  8.   4.   2.   2.]
 [ 32.  16.   2.   0.]
 [128.  32.   8.   4.]]
Move.LEFT
[0 3]
[[  4.   0.   0.   2.]
 [  8.   4.   4.   0.]
 [ 32.  16.   2.   0.]
 [128.  32.   8.   4.]]
Move.LEFT
[1 2]
[[  4.   2.   0.   0.]
 [  8.   8.   2.   0.]
 [ 32.  16.   2.   0.]
 [128.  32.   8.   4.]]
Move.LEFT
[1 2]
[[  4.   2.   0.   0.]
 [ 16.   2.   2.   0.]
 [ 32.  16.   2.   0.]
 [128.  32.   8.   4.]]
Move.LEFT
[2 3]
[[  4.   2.   0.   0.]
 [ 16.   4.   0.   0.]
 [ 32.  16.   2.   2.]
 [128.  32.   8.   4.]]
Move.LEFT
[1 3]
[[  4.   2.   0.   0.]
 [ 16.   4.   0.   2.]
 [ 32.  16.   4.   0.]
 [128.  32.   8.   4.]]
Move.LEFT
[1 3]
[[  4.   2.   0.   0.]
 [ 16.   4.   2.   2.]
 [ 32.  16.   4.   0.]
 [128.  32.   8.   4.]]
Move.LEFT
[2 3]
[[  4.   2.   0.   0.]
 [ 16.   4.   4.   0.]
 [ 32.  16.   4.   2.]
 [128.  32.   8.   4.]]
Move.RIGHT
[1 2]
[[  4.   2.   0.   0.]
 [ 16.   8.   2.   0.]
 [ 32.  16.   4.   2.]
 [128.  32.   8.   4.]]
Move.DOWN
[0 1]
[[  0.   2.   4.   2.]
 [  0.  16.   8.   2.]
 [ 32.  16.   4.   2.]
 [128.  32.   8.   4.]]
Move.LEFT
[0 1]
[[  0.   2.   4.   0.]
 [  0.   2.   8.   2.]
 [ 32.  32.   4.   4.]
 [128.  32.   8.   4.]]
Move.DOWN
[0 2]
[[  2.   4.   2.   0.]
 [  2.   8.   2.   0.]
 [ 64.   8.   0.   0.]
 [128.  32.   8.   4.]]
Move.LEFT
[0 1]
[[  0.   2.   0.   0.]
 [  4.   4.   0.   0.]
 [ 64.  16.   4.   0.]
 [128.  32.   8.   4.]]
Move.LEFT
[0 1]
[[  2.   2.   0.   0.]
 [  8.   0.   0.   0.]
 [ 64.  16.   4.   0.]
 [128.  32.   8.   4.]]
Move.LEFT
[0 2]
[[  4.   0.   2.   0.]
 [  8.   0.   0.   0.]
 [ 64.  16.   4.   0.]
 [128.  32.   8.   4.]]
Move.LEFT
[0 3]
[[  4.   2.   0.   2.]
 [  8.   0.   0.   0.]
 [ 64.  16.   4.   0.]
 [128.  32.   8.   4.]]
Move.LEFT
[1 3]
[[  4.   4.   0.   0.]
 [  8.   0.   0.   2.]
 [ 64.  16.   4.   0.]
 [128.  32.   8.   4.]]
Move.LEFT
[1 2]
[[  8.   0.   0.   0.]
 [  8.   2.   2.   0.]
 [ 64.  16.   4.   0.]
 [128.  32.   8.   4.]]
Move.DOWN
[2 3]
[[  8.   0.   0.   0.]
 [  8.   4.   0.   0.]
 [ 64.  16.   4.   2.]
 [128.  32.   8.   4.]]
Move.LEFT
[0 2]
[[  0.   0.   2.   0.]
 [ 16.   4.   0.   0.]
 [ 64.  16.   4.   2.]
 [128.  32.   8.   4.]]
Move.LEFT
[0 2]
[[  2.   0.   2.   0.]
 [ 16.   4.   0.   0.]
 [ 64.  16.   4.   2.]
 [128.  32.   8.   4.]]
Move.LEFT
[1 3]
[[  4.   0.   0.   0.]
 [ 16.   4.   0.   2.]
 [ 64.  16.   4.   2.]
 [128.  32.   8.   4.]]
Move.LEFT
[0 3]
[[  4.   0.   0.   4.]
 [ 16.   4.   2.   0.]
 [ 64.  16.   4.   2.]
 [128.  32.   8.   4.]]
Move.LEFT
[0 2]
[[  8.   0.   2.   0.]
 [ 16.   4.   2.   0.]
 [ 64.  16.   4.   2.]
 [128.  32.   8.   4.]]
Move.LEFT
[0 3]
[[  8.   2.   0.   2.]
 [ 16.   4.   2.   0.]
 [ 64.  16.   4.   2.]
 [128.  32.   8.   4.]]
Move.LEFT
[0 3]
[[  8.   4.   0.   2.]
 [ 16.   4.   2.   0.]
 [ 64.  16.   4.   2.]
 [128.  32.   8.   4.]]
Move.LEFT
[1 3]
[[  8.   4.   2.   0.]
 [ 16.   4.   2.   2.]
 [ 64.  16.   4.   2.]
 [128.  32.   8.   4.]]
Move.LEFT
[1 3]
[[  8.   4.   2.   0.]
 [ 16.   4.   4.   2.]
 [ 64.  16.   4.   2.]
 [128.  32.   8.   4.]]
Move.LEFT
[1 3]
[[  8.   4.   2.   0.]
 [ 16.   8.   2.   2.]
 [ 64.  16.   4.   2.]
 [128.  32.   8.   4.]]
Move.DOWN
[1 3]
[[  8.   4.   2.   0.]
 [ 16.   8.   4.   2.]
 [ 64.  16.   4.   2.]
 [128.  32.   8.   4.]]
Move.LEFT
[0 3]
[[  8.   4.   0.   2.]
 [ 16.   8.   2.   0.]
 [ 64.  16.   8.   4.]
 [128.  32.   8.   4.]]
Move.DOWN
[0 3]
[[  8.   4.   2.   4.]
 [ 16.   8.   2.   0.]
 [ 64.  16.   8.   4.]
 [128.  32.   8.   4.]]
Move.LEFT
[1 3]
[[  8.   4.   0.   0.]
 [ 16.   8.   0.   2.]
 [ 64.  16.   4.   4.]
 [128.  32.  16.   8.]]
Move.LEFT
[0 2]
[[  8.   4.   4.   0.]
 [ 16.   8.   2.   0.]
 [ 64.  16.   8.   0.]
 [128.  32.  16.   8.]]
Move.LEFT
[2 3]
[[  8.   8.   0.   0.]
 [ 16.   8.   2.   0.]
 [ 64.  16.   8.   2.]
 [128.  32.  16.   8.]]
Move.LEFT
[0 3]
[[ 16.   0.   0.   2.]
 [ 16.   8.   2.   0.]
 [ 64.  16.   8.   2.]
 [128.  32.  16.   8.]]
Move.LEFT
[0 2]
[[ 16.   2.   2.   0.]
 [ 16.   8.   2.   0.]
 [ 64.  16.   8.   2.]
 [128.  32.  16.   8.]]
Move.LEFT
[0 3]
[[ 16.   4.   0.   2.]
 [ 16.   8.   2.   0.]
 [ 64.  16.   8.   2.]
 [128.  32.  16.   8.]]
Move.DOWN
[0 3]
[[ 16.   4.   2.   4.]
 [ 16.   8.   2.   0.]
 [ 64.  16.   8.   2.]
 [128.  32.  16.   8.]]
Move.LEFT
[0 2]
[[  0.   4.   2.   0.]
 [ 32.   8.   4.   4.]
 [ 64.  16.   8.   2.]
 [128.  32.  16.   8.]]
Move.LEFT
[0 3]
[[  4.   2.   0.   2.]
 [ 32.   8.   8.   0.]
 [ 64.  16.   8.   2.]
 [128.  32.  16.   8.]]
Move.DOWN
[1 3]
[[  4.   4.   0.   0.]
 [ 32.  16.   0.   2.]
 [ 64.  16.   8.   2.]
 [128.  32.  16.   8.]]
Move.DOWN
[1 2]
[[  4.   0.   0.   0.]
 [ 32.   4.   2.   0.]
 [ 64.  32.   8.   4.]
 [128.  32.  16.   8.]]
Move.DOWN
[0 1]
[[  4.   2.   0.   0.]
 [ 32.   0.   2.   0.]
 [ 64.   4.   8.   4.]
 [128.  64.  16.   8.]]
Move.DOWN
[0 3]
[[  4.   0.   0.   2.]
 [ 32.   2.   2.   0.]
 [ 64.   4.   8.   4.]
 [128.  64.  16.   8.]]
Move.DOWN
[0 3]
[[  4.   0.   0.   2.]
 [ 32.   2.   2.   2.]
 [ 64.   4.   8.   4.]
 [128.  64.  16.   8.]]
Move.DOWN
[0 1]
[[  4.   2.   0.   0.]
 [ 32.   2.   2.   4.]
 [ 64.   4.   8.   4.]
 [128.  64.  16.   8.]]
Move.DOWN
[1 3]
[[  4.   0.   0.   0.]
 [ 32.   4.   2.   2.]
 [ 64.   4.   8.   8.]
 [128.  64.  16.   8.]]
Move.LEFT
[1 1]
[[  4.   0.   0.   0.]
 [ 32.   2.   2.   0.]
 [ 64.   8.   8.   2.]
 [128.  64.  16.  16.]]
Move.DOWN
[0 2]
[[  4.   0.   2.   0.]
 [ 32.   4.   0.   0.]
 [ 64.  16.   2.   0.]
 [128.  64.  32.   0.]]
Move.RIGHT
[3 3]
[[  4.   0.   0.   0.]
 [ 32.   4.   0.   0.]
 [ 64.  16.   4.   0.]
 [128.  64.  32.   2.]]
Move.LEFT
[1 1]
[[  0.   0.   0.   4.]
 [  0.   2.  32.   4.]
 [  0.  64.  16.   4.]
 [128.  64.  32.   2.]]
Move.DOWN
[0 3]
[[  4.   0.   0.   2.]
 [  2.  32.   4.   0.]
 [ 64.  16.   4.   0.]
 [128.  64.  32.   2.]]
Move.DOWN
[0 2]
[[  4.   0.   2.   0.]
 [  2.  32.   0.   0.]
 [ 64.  16.   8.   0.]
 [128.  64.  32.   4.]]
Move.RIGHT
[0 1]
[[  4.   2.   0.   0.]
 [  2.  32.   2.   0.]
 [ 64.  16.   8.   0.]
 [128.  64.  32.   4.]]
Move.LEFT
[1 0]
[[  0.   0.   4.   2.]
 [  2.   2.  32.   2.]
 [  0.  64.  16.   8.]
 [128.  64.  32.   4.]]
Move.DOWN
[1 3]
[[  4.   2.   0.   0.]
 [  4.  32.   2.   2.]
 [ 64.  16.   8.   0.]
 [128.  64.  32.   4.]]
Move.DOWN
[0 2]
[[  0.   2.   2.   0.]
 [  8.  32.   2.   0.]
 [ 64.  16.   8.   2.]
 [128.  64.  32.   4.]]
Move.LEFT
[0 0]
[[  2.   2.   0.   0.]
 [  8.  32.   4.   0.]
 [ 64.  16.   8.   2.]
 [128.  64.  32.   4.]]
Move.LEFT
[1 3]
[[  4.   0.   0.   0.]
 [  8.  32.   4.   4.]
 [ 64.  16.   8.   2.]
 [128.  64.  32.   4.]]
Move.DOWN
[1 3]
[[  4.   0.   0.   0.]
 [  8.  32.   8.   2.]
 [ 64.  16.   8.   2.]
 [128.  64.  32.   4.]]
Move.DOWN
[0 3]
[[  4.   0.   0.   2.]
 [  8.  32.   0.   0.]
 [ 64.  16.  16.   4.]
 [128.  64.  32.   4.]]
Move.DOWN
[0 2]
[[  4.   0.   2.   0.]
 [  8.  32.   0.   0.]
 [ 64.  16.  16.   2.]
 [128.  64.  32.   8.]]
Move.DOWN
[0 3]
[[  4.   0.   0.   2.]
 [  8.  32.   2.   0.]
 [ 64.  16.  16.   2.]
 [128.  64.  32.   8.]]
Move.DOWN
[0 3]
[[  4.   0.   0.   2.]
 [  8.  32.   2.   0.]
 [ 64.  16.  16.   4.]
 [128.  64.  32.   8.]]
Move.DOWN
[0 3]
[[  4.   0.   0.   2.]
 [  8.  32.   2.   2.]
 [ 64.  16.  16.   4.]
 [128.  64.  32.   8.]]
Move.DOWN
[0 2]
[[  4.   0.   2.   0.]
 [  8.  32.   2.   4.]
 [ 64.  16.  16.   4.]
 [128.  64.  32.   8.]]
Move.DOWN
[1 3]
[[  4.   0.   0.   0.]
 [  8.  32.   4.   2.]
 [ 64.  16.  16.   8.]
 [128.  64.  32.   8.]]
Move.DOWN
[0 2]
[[  4.   0.   4.   0.]
 [  8.  32.   4.   0.]
 [ 64.  16.  16.   2.]
 [128.  64.  32.  16.]]
Move.LEFT
[0 1]
[[  4.   2.   0.   0.]
 [  8.  32.   8.   0.]
 [ 64.  16.  16.   2.]
 [128.  64.  32.  16.]]
Move.DOWN
[0 3]
[[  4.   2.   0.   2.]
 [  8.  32.   8.   0.]
 [ 64.  32.   2.   0.]
 [128.  64.  32.  16.]]
Move.LEFT
[1 3]
[[  4.   0.   0.   0.]
 [  8.   2.   8.   2.]
 [ 64.  64.   2.   2.]
 [128.  64.  32.  16.]]
Move.DOWN
[0 1]
[[  4.   2.   0.   0.]
 [  8.   2.   8.   2.]
 [128.   4.   0.   0.]
 [128.  64.  32.  16.]]
Move.DOWN
[1 2]
[[  0.   0.   0.   0.]
 [  4.   4.   2.   0.]
 [  8.   4.   8.   2.]
 [256.  64.  32.  16.]]
Move.LEFT
[1 1]
[[  0.   0.   0.   0.]
 [  4.   2.   2.   0.]
 [  8.   8.   8.   2.]
 [256.  64.  32.  16.]]
Move.LEFT
[1 2]
[[  0.   0.   0.   0.]
 [  4.   4.   4.   0.]
 [ 16.   8.   2.   0.]
 [256.  64.  32.  16.]]
Move.LEFT
[2 3]
[[  0.   0.   0.   0.]
 [  8.   4.   0.   0.]
 [ 16.   8.   2.   2.]
 [256.  64.  32.  16.]]
Move.RIGHT
[2 3]
[[  0.   0.   0.   0.]
 [  8.   4.   0.   0.]
 [ 16.   8.   4.   2.]
 [256.  64.  32.  16.]]
Move.LEFT
[0 2]
[[  0.   0.   2.   0.]
 [  0.   0.   8.   4.]
 [ 16.   8.   4.   2.]
 [256.  64.  32.  16.]]
Move.DOWN
[1 3]
[[  2.   0.   0.   0.]
 [  8.   4.   0.   2.]
 [ 16.   8.   4.   2.]
 [256.  64.  32.  16.]]
Move.DOWN
[0 3]
[[  2.   0.   0.   2.]
 [  8.   4.   0.   0.]
 [ 16.   8.   4.   4.]
 [256.  64.  32.  16.]]
Move.LEFT
[0 1]
[[  2.   2.   0.   0.]
 [  8.   4.   0.   2.]
 [ 16.   8.   4.   4.]
 [256.  64.  32.  16.]]
Move.LEFT
[2 3]
[[  4.   0.   0.   0.]
 [  8.   4.   2.   0.]
 [ 16.   8.   8.   2.]
 [256.  64.  32.  16.]]
Move.DOWN
[2 3]
[[  4.   0.   0.   0.]
 [  8.   4.   2.   0.]
 [ 16.  16.   2.   2.]
 [256.  64.  32.  16.]]
Move.DOWN
[0 3]
[[  4.   0.   0.   2.]
 [  8.   4.   0.   0.]
 [ 16.  16.   4.   2.]
 [256.  64.  32.  16.]]
Move.LEFT
[1 2]
[[  4.   0.   0.   0.]
 [  8.   4.   2.   0.]
 [ 16.  16.   4.   4.]
 [256.  64.  32.  16.]]
Move.DOWN
[0 1]
[[  4.   2.   0.   0.]
 [  8.   4.   2.   0.]
 [ 32.   8.   0.   0.]
 [256.  64.  32.  16.]]
Move.DOWN
[0 2]
[[  4.   2.   2.   0.]
 [  8.   4.   0.   0.]
 [ 32.   8.   2.   0.]
 [256.  64.  32.  16.]]
Move.RIGHT
[2 3]
[[  4.   2.   0.   0.]
 [  8.   4.   0.   0.]
 [ 32.   8.   4.   2.]
 [256.  64.  32.  16.]]
Move.DOWN
[0 1]
[[  0.   2.   4.   2.]
 [  0.   0.   8.   4.]
 [ 32.   8.   4.   2.]
 [256.  64.  32.  16.]]
Move.LEFT
[1 0]
[[  0.   0.   4.   2.]
 [  2.   2.   8.   4.]
 [ 32.   8.   4.   2.]
 [256.  64.  32.  16.]]
Move.DOWN
[0 3]
[[  4.   2.   0.   2.]
 [  4.   8.   4.   0.]
 [ 32.   8.   4.   2.]
 [256.  64.  32.  16.]]
Move.LEFT
[1 2]
[[  0.   0.   0.   0.]
 [  8.   2.   2.   0.]
 [ 32.  16.   8.   4.]
 [256.  64.  32.  16.]]
Move.RIGHT
[0 0]
[[  2.   0.   0.   0.]
 [  8.   4.   0.   0.]
 [ 32.  16.   8.   4.]
 [256.  64.  32.  16.]]
Move.DOWN
[0 0]
[[  2.   0.   0.   2.]
 [  0.   0.   8.   4.]
 [ 32.  16.   8.   4.]
 [256.  64.  32.  16.]]
Move.DOWN
[0 1]
[[  0.   2.   0.   0.]
 [  2.   0.   0.   2.]
 [ 32.  16.  16.   8.]
 [256.  64.  32.  16.]]
Move.DOWN
[0 0]
[[  2.   0.   0.   0.]
 [  2.   2.   0.   2.]
 [ 32.  16.  16.   8.]
 [256.  64.  32.  16.]]
Move.LEFT
[1 2]
[[  0.   0.   0.   0.]
 [  4.   2.   2.   2.]
 [ 32.  16.  16.   8.]
 [256.  64.  32.  16.]]
Move.LEFT
[0 1]
[[  0.   2.   0.   0.]
 [  4.   4.   2.   0.]
 [ 32.  32.   8.   0.]
 [256.  64.  32.  16.]]
Move.DOWN
[1 3]
[[  2.   0.   0.   0.]
 [  8.   2.   0.   2.]
 [ 64.   8.   0.   0.]
 [256.  64.  32.  16.]]
Move.LEFT
[2 2]
[[  2.   0.   0.   0.]
 [  8.   2.   0.   0.]
 [ 64.   8.   2.   2.]
 [256.  64.  32.  16.]]
Move.DOWN
[0 1]
[[  2.   2.   0.   0.]
 [  8.   2.   0.   0.]
 [ 64.   8.   4.   0.]
 [256.  64.  32.  16.]]
Move.RIGHT
[2 3]
[[  2.   0.   0.   0.]
 [  8.   4.   0.   0.]
 [ 64.   8.   4.   2.]
 [256.  64.  32.  16.]]
Move.LEFT
[1 0]
[[  0.   0.   0.   2.]
 [  2.   0.   8.   4.]
 [ 64.   8.   4.   2.]
 [256.  64.  32.  16.]]
Move.DOWN
[0 1]
[[  2.   2.   0.   0.]
 [  2.   8.   4.   0.]
 [ 64.   8.   4.   2.]
 [256.  64.  32.  16.]]
Move.DOWN
[0 3]
[[  0.   0.   0.   2.]
 [  4.   2.   0.   0.]
 [ 64.  16.   8.   2.]
 [256.  64.  32.  16.]]
Move.DOWN
[0 3]
[[  0.   0.   0.   2.]
 [  4.   2.   0.   0.]
 [ 64.  16.   8.   4.]
 [256.  64.  32.  16.]]
Move.DOWN
[0 3]
[[  0.   0.   0.   2.]
 [  4.   2.   0.   2.]
 [ 64.  16.   8.   4.]
 [256.  64.  32.  16.]]
Move.DOWN
[0 0]
[[  2.   0.   0.   0.]
 [  4.   2.   0.   4.]
 [ 64.  16.   8.   4.]
 [256.  64.  32.  16.]]
Move.DOWN
[0 1]
[[  2.   2.   0.   0.]
 [  4.   2.   0.   0.]
 [ 64.  16.   8.   8.]
 [256.  64.  32.  16.]]
Move.LEFT
[0 1]
[[  2.   2.   0.   0.]
 [  4.   4.   0.   0.]
 [ 64.  16.   8.   8.]
 [256.  64.  32.  16.]]
Move.DOWN
[0 1]
[[  4.   2.   0.   0.]
 [  8.   0.   0.   0.]
 [ 64.  16.  16.   0.]
 [256.  64.  32.  16.]]
Move.LEFT
[1 2]
[[  4.   0.   0.   0.]
 [  8.   2.   2.   0.]
 [ 64.  16.  16.   0.]
 [256.  64.  32.  16.]]
Move.DOWN
[0 2]
[[  4.   0.   2.   0.]
 [  8.   4.   0.   0.]
 [ 64.  32.   0.   0.]
 [256.  64.  32.  16.]]
Move.DOWN
[0 2]
[[  4.   0.   2.   0.]
 [  8.   4.   0.   0.]
 [ 64.  32.   2.   0.]
 [256.  64.  32.  16.]]
Move.DOWN
[1 3]
[[  4.   0.   0.   0.]
 [  8.   4.   0.   2.]
 [ 64.  32.   4.   0.]
 [256.  64.  32.  16.]]
Move.LEFT
[0 1]
[[  4.   4.   0.   0.]
 [  8.   4.   0.   0.]
 [ 64.  32.   4.   2.]
 [256.  64.  32.  16.]]
Move.LEFT
[1 3]
[[  8.   0.   0.   0.]
 [  8.   4.   0.   2.]
 [ 64.  32.   4.   2.]
 [256.  64.  32.  16.]]
Move.DOWN
[1 3]
[[  8.   0.   0.   0.]
 [  8.   4.   2.   4.]
 [ 64.  32.   4.   2.]
 [256.  64.  32.  16.]]
Move.LEFT
[0 3]
[[  0.   0.   0.   2.]
 [ 16.   4.   2.   4.]
 [ 64.  32.   4.   2.]
 [256.  64.  32.  16.]]
Move.DOWN
[0 2]
[[  2.   0.   2.   0.]
 [ 16.   4.   2.   4.]
 [ 64.  32.   4.   2.]
 [256.  64.  32.  16.]]
Move.DOWN
[0 3]
[[  2.   0.   0.   2.]
 [ 16.   4.   4.   4.]
 [ 64.  32.   4.   2.]
 [256.  64.  32.  16.]]
Move.LEFT
[0 1]
[[  2.   2.   0.   2.]
 [ 16.   4.   0.   4.]
 [ 64.  32.   8.   2.]
 [256.  64.  32.  16.]]
Move.DOWN
[1 3]
[[  4.   2.   0.   0.]
 [ 16.   8.   0.   2.]
 [ 64.  32.   8.   2.]
 [256.  64.  32.  16.]]
Move.RIGHT
[1 2]
[[  4.   2.   0.   0.]
 [ 16.   8.   2.   0.]
 [ 64.  32.   8.   4.]
 [256.  64.  32.  16.]]
Move.DOWN
[0 0]
[[  2.   0.   4.   2.]
 [  0.  16.   8.   2.]
 [ 64.  32.   8.   4.]
 [256.  64.  32.  16.]]
Move.DOWN
[0 1]
[[  0.   2.   0.   0.]
 [  2.  16.   4.   4.]
 [ 64.  32.  16.   4.]
 [256.  64.  32.  16.]]
Move.DOWN
[0 0]
[[  2.   2.   0.   0.]
 [  2.  16.   4.   0.]
 [ 64.  32.  16.   8.]
 [256.  64.  32.  16.]]
Move.LEFT
[1 3]
[[  0.   2.   0.   0.]
 [  4.  16.   4.   2.]
 [ 64.  32.  16.   8.]
 [256.  64.  32.  16.]]
Move.LEFT
[0 1]
[[  2.   2.   0.   0.]
 [  4.  16.   4.   2.]
 [ 64.  32.  16.   8.]
 [256.  64.  32.  16.]]
Move.DOWN
[0 1]
[[  4.   2.   0.   0.]
 [  4.  16.   4.   2.]
 [ 64.  32.  16.   8.]
 [256.  64.  32.  16.]]
Move.LEFT
[0 2]
[[  0.   2.   2.   0.]
 [  8.  16.   4.   2.]
 [ 64.  32.  16.   8.]
 [256.  64.  32.  16.]]
Move.LEFT
[0 1]
[[  4.   4.   0.   0.]
 [  8.  16.   4.   2.]
 [ 64.  32.  16.   8.]
 [256.  64.  32.  16.]]
Move.DOWN
[0 1]
[[  8.   2.   0.   0.]
 [  8.  16.   4.   2.]
 [ 64.  32.  16.   8.]
 [256.  64.  32.  16.]]
Move.LEFT
[0 0]
[[  2.   2.   0.   0.]
 [ 16.  16.   4.   2.]
 [ 64.  32.  16.   8.]
 [256.  64.  32.  16.]]
Move.DOWN
[0 3]
[[  4.   0.   0.   2.]
 [ 32.   4.   2.   0.]
 [ 64.  32.  16.   8.]
 [256.  64.  32.  16.]]
Move.LEFT
[0 1]
[[  4.   2.   0.   0.]
 [ 32.   4.   2.   2.]
 [ 64.  32.  16.   8.]
 [256.  64.  32.  16.]]
Move.LEFT
[1 3]
[[  4.   2.   0.   0.]
 [ 32.   4.   4.   2.]
 [ 64.  32.  16.   8.]
 [256.  64.  32.  16.]]
Move.DOWN
[0 3]
[[  4.   2.   0.   2.]
 [ 32.   8.   2.   0.]
 [ 64.  32.  16.   8.]
 [256.  64.  32.  16.]]
Move.DOWN
[0 2]
[[  4.   2.   2.   0.]
 [ 32.   8.   2.   2.]
 [ 64.  32.  16.   8.]
 [256.  64.  32.  16.]]
Move.LEFT
[0 2]
[[  4.   2.   2.   0.]
 [ 32.   8.   4.   2.]
 [ 64.  32.  16.   8.]
 [256.  64.  32.  16.]]
Move.DOWN
[0 3]
[[  4.   4.   0.   2.]
 [ 32.   8.   4.   2.]
 [ 64.  32.  16.   8.]
 [256.  64.  32.  16.]]
Move.LEFT
[0 2]
[[  4.   4.   2.   0.]
 [ 32.   8.   4.   4.]
 [ 64.  32.  16.   8.]
 [256.  64.  32.  16.]]
Move.LEFT
[0 2]
[[  8.   2.   2.   0.]
 [ 32.   8.   8.   0.]
 [ 64.  32.  16.   8.]
 [256.  64.  32.  16.]]
Move.DOWN
[0 2]
[[  8.   4.   2.   0.]
 [ 32.  16.   0.   0.]
 [ 64.  32.  16.   8.]
 [256.  64.  32.  16.]]
Move.DOWN
[0 2]
[[  8.   4.   2.   0.]
 [ 32.  16.   2.   0.]
 [ 64.  32.  16.   8.]
 [256.  64.  32.  16.]]
Move.LEFT
[1 3]
[[  8.   4.   0.   0.]
 [ 32.  16.   4.   4.]
 [ 64.  32.  16.   8.]
 [256.  64.  32.  16.]]
Move.DOWN
[0 3]
[[  8.   4.   0.   2.]
 [ 32.  16.   8.   0.]
 [ 64.  32.  16.   8.]
 [256.  64.  32.  16.]]
Move.DOWN
[0 3]
[[  8.   4.   0.   2.]
 [ 32.  16.   8.   2.]
 [ 64.  32.  16.   8.]
 [256.  64.  32.  16.]]
Move.LEFT
[0 2]
[[  8.   4.   4.   0.]
 [ 32.  16.   8.   4.]
 [ 64.  32.  16.   8.]
 [256.  64.  32.  16.]]
Move.LEFT
[0 3]
[[  8.   8.   0.   2.]
 [ 32.  16.   8.   4.]
 [ 64.  32.  16.   8.]
 [256.  64.  32.  16.]]
Move.RIGHT
[0 2]
[[ 16.   2.   4.   0.]
 [ 32.  16.   8.   4.]
 [ 64.  32.  16.   8.]
 [256.  64.  32.  16.]]
Move.DOWN
[0 0]
[[  2.  16.   2.   4.]
 [ 32.  16.   8.   4.]
 [ 64.  32.  16.   8.]
 [256.  64.  32.  16.]]
Move.DOWN
[0 3]
[[  2.   0.   2.   2.]
 [ 32.  32.   8.   8.]
 [ 64.  32.  16.   8.]
 [256.  64.  32.  16.]]
Move.LEFT
[0 3]
[[  2.   0.   2.   2.]
 [ 32.   0.   8.   2.]
 [ 64.  64.  16.  16.]
 [256.  64.  32.  16.]]
Move.DOWN
[2 2]
[[  4.   2.   0.   0.]
 [ 32.   8.   2.   0.]
 [128.  32.   2.   0.]
 [256.  64.  32.  16.]]
Move.RIGHT
[1 2]
[[  4.   2.   0.   0.]
 [ 32.   8.   2.   0.]
 [128.  32.   4.   0.]
 [256.  64.  32.  16.]]
Move.LEFT
[0 1]
[[  0.   4.   4.   2.]
 [  0.  32.   8.   2.]
 [  0. 128.  32.   4.]
 [256.  64.  32.  16.]]
Move.LEFT
[0 3]
[[  8.   2.   0.   2.]
 [ 32.   8.   2.   0.]
 [128.  32.   4.   0.]
 [256.  64.  32.  16.]]
Move.LEFT
[1 3]
[[  8.   4.   0.   0.]
 [ 32.   8.   2.   2.]
 [128.  32.   4.   0.]
 [256.  64.  32.  16.]]
Move.DOWN
[1 3]
[[  8.   4.   0.   0.]
 [ 32.   8.   4.   2.]
 [128.  32.   4.   0.]
 [256.  64.  32.  16.]]
Move.LEFT
[1 3]
[[  8.   4.   0.   0.]
 [ 32.   8.   0.   2.]
 [128.  32.   8.   2.]
 [256.  64.  32.  16.]]
Move.LEFT
[0 3]
[[  8.   4.   0.   2.]
 [ 32.   8.   2.   0.]
 [128.  32.   8.   2.]
 [256.  64.  32.  16.]]
Move.LEFT
[0 3]
[[  8.   4.   2.   2.]
 [ 32.   8.   2.   0.]
 [128.  32.   8.   2.]
 [256.  64.  32.  16.]]
Move.LEFT
[1 3]
[[  8.   4.   4.   0.]
 [ 32.   8.   2.   2.]
 [128.  32.   8.   2.]
 [256.  64.  32.  16.]]
Move.LEFT
[0 3]
[[  8.   8.   0.   2.]
 [ 32.   8.   4.   0.]
 [128.  32.   8.   2.]
 [256.  64.  32.  16.]]
Move.DOWN
[0 2]
[[ 16.   2.   4.   0.]
 [ 32.   8.   4.   0.]
 [128.  32.   8.   2.]
 [256.  64.  32.  16.]]
Move.LEFT
[0 2]
[[ 16.   2.   2.   0.]
 [ 32.   8.   8.   0.]
 [128.  32.   8.   2.]
 [256.  64.  32.  16.]]
Move.RIGHT
[1 2]
[[ 16.   4.   0.   0.]
 [ 32.  16.   2.   0.]
 [128.  32.   8.   2.]
 [256.  64.  32.  16.]]
Move.LEFT
[0 1]
[[  0.   2.  16.   4.]
 [  0.  32.  16.   2.]
 [128.  32.   8.   2.]
 [256.  64.  32.  16.]]
Move.DOWN
[0 3]
[[  2.  16.   4.   2.]
 [ 32.  16.   2.   0.]
 [128.  32.   8.   2.]
 [256.  64.  32.  16.]]
Move.LEFT
[0 3]
[[  2.   0.   4.   2.]
 [ 32.  32.   2.   0.]
 [128.  32.   8.   4.]
 [256.  64.  32.  16.]]
Move.LEFT
[1 3]
[[  2.   4.   2.   0.]
 [ 64.   2.   0.   4.]
 [128.  32.   8.   4.]
 [256.  64.  32.  16.]]
Move.LEFT
[0 3]
[[  2.   4.   2.   2.]
 [ 64.   2.   4.   0.]
 [128.  32.   8.   4.]
 [256.  64.  32.  16.]]
Move.LEFT
[1 3]
[[  2.   4.   4.   0.]
 [ 64.   2.   4.   2.]
 [128.  32.   8.   4.]
 [256.  64.  32.  16.]]
Move.RIGHT
[0 2]
[[  2.   8.   2.   0.]
 [ 64.   2.   4.   2.]
 [128.  32.   8.   4.]
 [256.  64.  32.  16.]]
Move.DOWN
[0 0]
[[  4.   2.   8.   2.]
 [ 64.   2.   4.   2.]
 [128.  32.   8.   4.]
 [256.  64.  32.  16.]]
Move.LEFT
[0 1]
[[  4.   2.   8.   0.]
 [ 64.   4.   4.   4.]
 [128.  32.   8.   4.]
 [256.  64.  32.  16.]]
Move.DOWN
[0 3]
[[  4.   2.   8.   2.]
 [ 64.   8.   4.   0.]
 [128.  32.   8.   4.]
 [256.  64.  32.  16.]]
Move.DOWN
[0 3]
[[  4.   2.   8.   2.]
 [ 64.   8.   4.   2.]
 [128.  32.   8.   4.]
 [256.  64.  32.  16.]]
Move.LEFT
[0 3]
[[  4.   2.   8.   2.]
 [ 64.   8.   4.   4.]
 [128.  32.   8.   4.]
 [256.  64.  32.  16.]]
Move.LEFT
[1 3]
[[  4.   2.   8.   2.]
 [ 64.   8.   8.   4.]
 [128.  32.   8.   4.]
 [256.  64.  32.  16.]]
Move.DOWN
[1 3]
[[  4.   2.   8.   2.]
 [ 64.  16.   4.   2.]
 [128.  32.   8.   4.]
 [256.  64.  32.  16.]]
Move.LEFT
[0 3]
[[  4.   2.   8.   2.]
 [ 64.  16.   4.   4.]
 [128.  32.   8.   4.]
 [256.  64.  32.  16.]]
Move.DOWN
[1 3]
[[  4.   2.   8.   2.]
 [ 64.  16.   8.   2.]
 [128.  32.   8.   4.]
 [256.  64.  32.  16.]]
Move.LEFT
[0 2]
[[  4.   2.   2.   0.]
 [ 64.  16.   8.   4.]
 [128.  32.  16.   4.]
 [256.  64.  32.  16.]]
Move.LEFT
[0 3]
[[  4.   4.   0.   2.]
 [ 64.  16.   8.   4.]
 [128.  32.  16.   4.]
 [256.  64.  32.  16.]]
Move.LEFT
[0 3]
[[  8.   2.   0.   2.]
 [ 64.  16.   8.   4.]
 [128.  32.  16.   4.]
 [256.  64.  32.  16.]]
Move.LEFT
[0 3]
[[  8.   4.   0.   2.]
 [ 64.  16.   8.   4.]
 [128.  32.  16.   4.]
 [256.  64.  32.  16.]]
Move.LEFT
[0 3]
[[  8.   4.   2.   2.]
 [ 64.  16.   8.   4.]
 [128.  32.  16.   4.]
 [256.  64.  32.  16.]]
Move.LEFT
[0 3]
[[  8.   4.   4.   2.]
 [ 64.  16.   8.   4.]
 [128.  32.  16.   4.]
 [256.  64.  32.  16.]]
Move.LEFT
[0 3]
[[  8.   8.   2.   2.]
 [ 64.  16.   8.   4.]
 [128.  32.  16.   4.]
 [256.  64.  32.  16.]]
Move.LEFT
[0 3]
[[ 16.   4.   0.   2.]
 [ 64.  16.   8.   4.]
 [128.  32.  16.   4.]
 [256.  64.  32.  16.]]
Move.LEFT
[0 3]
[[ 16.   4.   2.   2.]
 [ 64.  16.   8.   4.]
 [128.  32.  16.   4.]
 [256.  64.  32.  16.]]
Move.LEFT
[0 3]
[[ 16.   4.   4.   2.]
 [ 64.  16.   8.   4.]
 [128.  32.  16.   4.]
 [256.  64.  32.  16.]]
Move.LEFT
[0 3]
[[ 16.   8.   2.   2.]
 [ 64.  16.   8.   4.]
 [128.  32.  16.   4.]
 [256.  64.  32.  16.]]
Move.DOWN
[0 3]
[[ 16.   8.   4.   2.]
 [ 64.  16.   8.   4.]
 [128.  32.  16.   4.]
 [256.  64.  32.  16.]]
Move.DOWN
[0 3]
[[ 16.   8.   4.   2.]
 [ 64.  16.   8.   2.]
 [128.  32.  16.   8.]
 [256.  64.  32.  16.]]
Move.LEFT
[0 3]
[[ 16.   8.   4.   4.]
 [ 64.  16.   8.   4.]
 [128.  32.  16.   8.]
 [256.  64.  32.  16.]]
Move.LEFT
[0 3]
[[ 16.   8.   8.   2.]
 [ 64.  16.   8.   4.]
 [128.  32.  16.   8.]
 [256.  64.  32.  16.]]
Move.LEFT
[0 3]
[[ 16.  16.   2.   2.]
 [ 64.  16.   8.   4.]
 [128.  32.  16.   8.]
 [256.  64.  32.  16.]]
Move.LEFT
[0 3]
[[ 32.   4.   0.   2.]
 [ 64.  16.   8.   4.]
 [128.  32.  16.   8.]
 [256.  64.  32.  16.]]
Move.LEFT
[0 3]
[[ 32.   4.   2.   2.]
 [ 64.  16.   8.   4.]
 [128.  32.  16.   8.]
 [256.  64.  32.  16.]]
Move.LEFT
[0 3]
[[ 32.   4.   4.   2.]
 [ 64.  16.   8.   4.]
 [128.  32.  16.   8.]
 [256.  64.  32.  16.]]
Move.LEFT
[0 3]
[[ 32.   8.   2.   2.]
 [ 64.  16.   8.   4.]
 [128.  32.  16.   8.]
 [256.  64.  32.  16.]]
Move.LEFT
[0 3]
[[ 32.   8.   4.   4.]
 [ 64.  16.   8.   4.]
 [128.  32.  16.   8.]
 [256.  64.  32.  16.]]
Move.LEFT
[0 3]
[[ 32.   8.   8.   2.]
 [ 64.  16.   8.   4.]
 [128.  32.  16.   8.]
 [256.  64.  32.  16.]]
Move.LEFT
[0 3]
[[ 32.  16.   2.   2.]
 [ 64.  16.   8.   4.]
 [128.  32.  16.   8.]
 [256.  64.  32.  16.]]
Move.DOWN
[0 3]
[[ 32.  16.   4.   2.]
 [ 64.  16.   8.   4.]
 [128.  32.  16.   8.]
 [256.  64.  32.  16.]]
Move.DOWN
[0 1]
[[ 32.   2.   4.   2.]
 [ 64.  32.   8.   4.]
 [128.  32.  16.   8.]
 [256.  64.  32.  16.]]
Move.DOWN
[0 1]
[[ 32.   2.   4.   2.]
 [ 64.   2.   8.   4.]
 [128.  64.  16.   8.]
 [256.  64.  32.  16.]]
Move.DOWN
[0 1]
[[ 32.   4.   4.   2.]
 [ 64.   0.   8.   4.]
 [128.   4.  16.   8.]
 [256. 128.  32.  16.]]
Move.LEFT
[1 1]
[[ 32.   0.   4.   2.]
 [ 64.   2.   8.   4.]
 [128.   8.  16.   8.]
 [256. 128.  32.  16.]]
Move.LEFT
[0 3]
[[ 32.   4.   2.   2.]
 [ 64.   2.   8.   4.]
 [128.   8.  16.   8.]
 [256. 128.  32.  16.]]
Move.LEFT
[0 3]
[[ 32.   4.   4.   2.]
 [ 64.   2.   8.   4.]
 [128.   8.  16.   8.]
 [256. 128.  32.  16.]]
Move.LEFT
[0 3]
[[ 32.   8.   2.   2.]
 [ 64.   2.   8.   4.]
 [128.   8.  16.   8.]
 [256. 128.  32.  16.]]
Move.UP
[0 3]
[[ 32.   8.   4.   2.]
 [ 64.   2.   8.   4.]
 [128.   8.  16.   8.]
 [256. 128.  32.  16.]]


