Move.DOWN
[[0 0 0 0]
 [0 0 0 0]
 [0 0 0 0]
 [2 2 0 0]]
Move.UP
[[2 2 0 2]
 [0 0 0 0]
 [0 0 0 0]
 [0 0 0 0]]
Move.DOWN
[[0 0 0 2]
 [0 0 0 0]
 [0 0 0 0]
 [2 2 0 2]]
Move.UP
[[2 2 0 4]
 [0 0 0 0]
 [0 0 0 0]
 [0 0 2 0]]
Move.DOWN
[[0 2 0 0]
 [0 0 0 0]
 [0 0 0 0]
 [2 2 2 4]]
Move.UP
[[2 4 2 4]
 [0 0 0 0]
 [0 0 2 0]
 [0 0 0 0]]
Move.DOWN
[[0 0 0 0]
 [0 2 0 0]
 [0 0 0 0]
 [2 4 4 4]]
Move.UP
[[2 2 4 4]
 [0 4 0 0]
 [0 0 2 0]
 [0 0 0 0]]
Move.DOWN
[[0 0 0 0]
 [0 0 0 0]
 [0 2 4 2]
 [2 4 2 4]]
Move.UP
[[2 2 4 2]
 [0 4 2 4]
 [0 2 0 0]
 [0 0 0 0]]
Move.DOWN
[[0 0 2 0]
 [0 2 0 0]
 [0 4 4 2]
 [2 2 2 4]]
Move.UP
[[2 2 2 2]
 [2 4 4 4]
 [0 2 2 0]
 [0 0 0 0]]
Move.DOWN
[[2 0 0 0]
 [0 2 2 0]
 [0 4 4 2]
 [4 2 2 4]]
Move.UP
[[2 2 2 2]
 [4 4 4 4]
 [0 2 2 0]
 [2 0 0 0]]
Move.DOWN
[[0 0 0 0]
 [2 2 2 2]
 [4 4 4 2]
 [2 2 2 4]]
Move.UP
[[2 2 2 4]
 [4 4 4 4]
 [2 2 2 0]
 [0 0 2 0]]
Move.DOWN
[[2 0 0 0]
 [2 2 2 0]
 [4 4 4 0]
 [2 2 4 8]]
Move.UP
[[4 2 2 8]
 [4 4 8 0]
 [2 2 0 0]
 [0 0 0 2]]
Move.DOWN
[[0 0 0 0]
 [2 2 0 0]
 [8 4 2 8]
 [2 2 8 2]]
Move.UP
[[2 2 2 8]
 [8 4 8 2]
 [2 2 0 0]
 [0 0 0 2]]
Move.DOWN
[[0 2 0 0]
 [2 2 0 0]
 [8 4 2 8]
 [2 2 8 4]]
Move.UP
[[2 4 2 8]
 [8 4 8 4]
 [2 2 0 0]
 [0 0 0 2]]
Move.DOWN
[[2 0 0 0]
 [2 0 0 8]
 [8 8 2 4]
 [2 2 8 2]]
Move.LEFT
[[ 2  0  0  0]
 [ 2  8  0  2]
 [16  2  4  0]
 [ 4  8  2  0]]
Move.RIGHT
[[ 0  0  0  2]
 [ 2  2  8  2]
 [ 0 16  2  4]
 [ 0  4  8  2]]
Move.LEFT
[[ 2  0  0  2]
 [ 4  8  2  0]
 [16  2  4  0]
 [ 4  8  2  0]]
Move.RIGHT
[[ 0  0  2  4]
 [ 0  4  8  2]
 [ 0 16  2  4]
 [ 0  4  8  2]]
Move.LEFT
[[ 2  4  2  0]
 [ 4  8  2  0]
 [16  2  4  0]
 [ 4  8  2  0]]
Move.RIGHT
[[ 0  2  4  2]
 [ 2  4  8  2]
 [ 0 16  2  4]
 [ 0  4  8  2]]
Move.DOWN
[[ 0  2  4  0]
 [ 0  4  8  4]
 [ 2 16  2  4]
 [ 2  4  8  2]]
Move.UP
[[ 4  2  4  8]
 [ 0  4  8  2]
 [ 0 16  2  0]
 [ 2  4  8  0]]
Move.DOWN
[[ 0  2  4  0]
 [ 0  4  8  2]
 [ 4 16  2  8]
 [ 2  4  8  2]]
Move.UP
[[ 4  2  4  2]
 [ 2  4  8  8]
 [ 0 16  2  2]
 [ 0  4  8  2]]
Move.LEFT
[[ 4  2  4  2]
 [ 2  4 16  0]
 [16  4  0  2]
 [ 4  8  2  0]]
Move.LEFT
[[ 4  2  4  2]
 [ 2  4 16  0]
 [16  4  2  0]
 [ 4  8  2  0]]
Move.RIGHT
[[ 4  2  4  2]
 [ 0  2  4 16]
 [ 0 16  4  2]
 [ 2  4  8  2]]
Move.LEFT
[[ 4  2  4  2]
 [ 2  4 16  2]
 [16  4  2  0]
 [ 2  4  8  2]]
Move.DOWN
[[ 4  0  4  0]
 [ 2  2 16  2]
 [16  4  2  2]
 [ 2  8  8  4]]
Move.UP
[[ 4  2  4  4]
 [ 2  4 16  4]
 [16  8  2  0]
 [ 2  0  8  2]]
Move.LEFT
[[ 4  2  8  2]
 [ 2  4 16  4]
 [16  8  2  0]
 [ 2  8  2  0]]
Move.DOWN
[[ 4  0  0  2]
 [ 2  2  8  0]
 [16  4 16  2]
 [ 2 16  4  4]]
Move.RIGHT
[[ 0  0  4  2]
 [ 2  0  4  8]
 [16  4 16  2]
 [ 0  2 16  8]]
Move.LEFT
[[ 4  2  0  2]
 [ 2  4  8  0]
 [16  4 16  2]
 [ 2 16  8  0]]
Move.UP
[[ 4  2  8  4]
 [ 2  8 16  2]
 [16 16  8  0]
 [ 2  0  0  0]]
Move.DOWN
[[ 4  2  0  0]
 [ 2  2  8  0]
 [16  8 16  4]
 [ 2 16  8  2]]
Move.UP
[[ 4  4  8  4]
 [ 2  8 16  2]
 [16 16  8  0]
 [ 2  0  2  0]]
Move.LEFT
[[ 8  8  4  0]
 [ 2  8 16  2]
 [32  8  0  0]
 [ 4  2  0  0]]
Move.RIGHT
[[ 0  0 16  4]
 [ 2  8 16  2]
 [ 0  0 32  8]
 [ 2  0  4  2]]
Move.LEFT
[[16  4  0  2]
 [ 2  8 16  2]
 [32  8  0  0]
 [ 2  4  2  0]]
Move.RIGHT
[[ 0 16  4  2]
 [ 2  8 16  2]
 [ 0  0 32  8]
 [ 2  2  4  2]]
Move.DOWN
[[ 0  2  4  0]
 [ 0 16 16  4]
 [ 0  8 32  8]
 [ 4  2  4  2]]
Move.DOWN
[[ 0  2  4  0]
 [ 0 16 16  4]
 [ 0  8 32  8]
 [ 4  2  4  2]]
Move.LEFT
[[ 2  4  0  0]
 [32  4  2  0]
 [ 8 32  8  0]
 [ 4  2  4  2]]
Move.UP
[[ 2  8  2  2]
 [32 32  8  0]
 [ 8  2  4  2]
 [ 4  0  0  0]]
Move.DOWN
[[ 2  0  0  0]
 [32  8  2  0]
 [ 8 32  8  2]
 [ 4  2  4  4]]
Move.UP
[[ 2  8  2  2]
 [32 32  8  4]
 [ 8  2  4  0]
 [ 4  0  2  0]]
Move.DOWN
[[ 2  0  2  0]
 [32  8  8  2]
 [ 8 32  4  2]
 [ 4  2  2  4]]
Move.UP
[[ 2  8  2  4]
 [32 32  8  4]
 [ 8  2  4  0]
 [ 4  0  2  2]]
Move.LEFT
[[ 2  8  2  4]
 [64  8  4  0]
 [ 8  2  4  0]
 [ 4  4  2  0]]
Move.RIGHT
[[ 2  8  2  4]
 [ 0 64  8  4]
 [ 0  8  2  4]
 [ 2  0  8  2]]
Move.LEFT
[[ 2  8  2  4]
 [64  8  4  0]
 [ 8  2  4  2]
 [ 2  8  2  0]]
Move.DOWN
[[ 2  2  0  0]
 [64 16  2  0]
 [ 8  2  8  4]
 [ 2  8  2  2]]
Move.UP
[[ 2  2  2  4]
 [64 16  8  2]
 [ 8  2  2  0]
 [ 2  8  0  2]]
Move.RIGHT
[[ 0  2  4  4]
 [64 16  8  2]
 [ 2  0  8  4]
 [ 0  2  8  2]]
Move.LEFT
[[ 2  8  0  0]
 [64 16  8  2]
 [ 2  8  4  2]
 [ 2  8  2  0]]
Move.UP
[[ 2  8  8  4]
 [64 16  4  2]
 [ 4 16  2  0]
 [ 0  0  0  0]]
Move.RIGHT
[[ 0  2 16  4]
 [64 16  4  2]
 [ 0  4 16  2]
 [ 0  0  0  2]]
Move.LEFT
[[ 2 16  4  2]
 [64 16  4  2]
 [ 4 16  2  0]
 [ 2  0  0  0]]
Move.RIGHT
[[ 2 16  4  2]
 [64 16  4  2]
 [ 0  4 16  2]
 [ 2  0  0  2]]
Move.LEFT
[[ 2 16  4  2]
 [64 16  4  2]
 [ 4 16  2  0]
 [ 4  2  0  0]]
Move.RIGHT
[[ 2 16  4  2]
 [64 16  4  2]
 [ 0  4 16  2]
 [ 2  0  4  2]]
Move.LEFT
[[ 2 16  4  2]
 [64 16  4  2]
 [ 4 16  2  2]
 [ 2  4  2  0]]
Move.UP
[[ 2 32  8  4]
 [64 16  4  2]
 [ 4  4  2  0]
 [ 2  0  0  0]]
Move.RIGHT
[[ 2 32  8  4]
 [64 16  4  2]
 [ 0  0  8  2]
 [ 0  0  2  2]]
Move.DOWN
[[ 0  2  8  0]
 [ 0  0  4  4]
 [ 2 32  8  2]
 [64 16  2  4]]
Move.LEFT
[[ 2  8  0  2]
 [ 8  0  0  0]
 [ 2 32  8  2]
 [64 16  2  4]]
Move.RIGHT
[[ 0  2  8  2]
 [ 0  0  2  8]
 [ 2 32  8  2]
 [64 16  2  4]]
Move.LEFT
[[ 2  8  2  0]
 [ 2  8  2  0]
 [ 2 32  8  2]
 [64 16  2  4]]
Move.LEFT
[[ 2  8  2  0]
 [ 2  8  2  0]
 [ 2 32  8  2]
 [64 16  2  4]]
Move.LEFT
[[ 2  8  2  0]
 [ 2  8  2  0]
 [ 2 32  8  2]
 [64 16  2  4]]
Move.LEFT
[[ 2  8  2  0]
 [ 2  8  2  0]
 [ 2 32  8  2]
 [64 16  2  4]]
Move.LEFT
[[ 2  8  2  0]
 [ 2  8  2  0]
 [ 2 32  8  2]
 [64 16  2  4]]
Move.LEFT
[[ 2  8  2  0]
 [ 2  8  2  0]
 [ 2 32  8  2]
 [64 16  2  4]]
Move.LEFT
[[ 2  8  2  0]
 [ 2  8  2  0]
 [ 2 32  8  2]
 [64 16  2  4]]
Move.LEFT
[[ 2  8  2  0]
 [ 2  8  2  0]
 [ 2 32  8  2]
 [64 16  2  4]]
Move.LEFT
[[ 2  8  2  0]
 [ 2  8  2  0]
 [ 2 32  8  2]
 [64 16  2  4]]
Move.LEFT
[[ 2  8  2  0]
 [ 2  8  2  0]
 [ 2 32  8  2]
 [64 16  2  4]]
Move.LEFT
[[ 2  8  2  0]
 [ 2  8  2  0]
 [ 2 32  8  2]
 [64 16  2  4]]
Move.LEFT
[[ 2  8  2  0]
 [ 2  8  2  0]
 [ 2 32  8  2]
 [64 16  2  4]]
Move.LEFT
[[ 2  8  2  0]
 [ 2  8  2  0]
 [ 2 32  8  2]
 [64 16  2  4]]
Move.LEFT
[[ 2  8  2  0]
 [ 2  8  2  0]
 [ 2 32  8  2]
 [64 16  2  4]]
Move.LEFT
[[ 2  8  2  0]
 [ 2  8  2  0]
 [ 2 32  8  2]
 [64 16  2  4]]
Move.LEFT
[[ 2  8  2  0]
 [ 2  8  2  0]
 [ 2 32  8  2]
 [64 16  2  4]]
Move.LEFT
[[ 2  8  2  0]
 [ 2  8  2  0]
 [ 2 32  8  2]
 [64 16  2  4]]
Move.LEFT
[[ 2  8  2  0]
 [ 2  8  2  0]
 [ 2 32  8  2]
 [64 16  2  4]]
Move.LEFT
[[ 2  8  2  0]
 [ 2  8  2  0]
 [ 2 32  8  2]
 [64 16  2  4]]
Move.LEFT
[[ 2  8  2  0]
 [ 2  8  2  0]
 [ 2 32  8  2]
 [64 16  2  4]]
Move.LEFT
[[ 2  8  2  0]
 [ 2  8  2  0]
 [ 2 32  8  2]
 [64 16  2  4]]
Move.LEFT
[[ 2  8  2  0]
 [ 2  8  2  0]
 [ 2 32  8  2]
 [64 16  2  4]]
Move.LEFT
[[ 2  8  2  0]
 [ 2  8  2  0]
 [ 2 32  8  2]
 [64 16  2  4]]
Move.LEFT
[[ 2  8  2  0]
 [ 2  8  2  0]
 [ 2 32  8  2]
 [64 16  2  4]]
Move.LEFT
[[ 2  8  2  0]
 [ 2  8  2  0]
 [ 2 32  8  2]
 [64 16  2  4]]
Move.LEFT
[[ 2  8  2  0]
 [ 2  8  2  0]
 [ 2 32  8  2]
 [64 16  2  4]]
Move.LEFT
[[ 2  8  2  0]
 [ 2  8  2  0]
 [ 2 32  8  2]
 [64 16  2  4]]
Move.LEFT
[[ 2  8  2  0]
 [ 2  8  2  0]
 [ 2 32  8  2]
 [64 16  2  4]]
Move.LEFT
[[ 2  8  2  0]
 [ 2  8  2  0]
 [ 2 32  8  2]
 [64 16  2  4]]
Move.LEFT
[[ 2  8  2  0]
 [ 2  8  2  0]
 [ 2 32  8  2]
 [64 16  2  4]]
Move.LEFT
[[ 2  8  2  0]
 [ 2  8  2  0]
 [ 2 32  8  2]
 [64 16  2  4]]
Move.LEFT
[[ 2  8  2  0]
 [ 2  8  2  0]
 [ 2 32  8  2]
 [64 16  2  4]]
Move.LEFT
[[ 2  8  2  0]
 [ 2  8  2  0]
 [ 2 32  8  2]
 [64 16  2  4]]
Move.LEFT
[[ 2  8  2  0]
 [ 2  8  2  0]
 [ 2 32  8  2]
 [64 16  2  4]]
Move.LEFT
[[ 2  8  2  0]
 [ 2  8  2  0]
 [ 2 32  8  2]
 [64 16  2  4]]
Move.LEFT
[[ 2  8  2  0]
 [ 2  8  2  0]
 [ 2 32  8  2]
 [64 16  2  4]]
Move.LEFT
[[ 2  8  2  0]
 [ 2  8  2  0]
 [ 2 32  8  2]
 [64 16  2  4]]
Move.LEFT
[[ 2  8  2  0]
 [ 2  8  2  0]
 [ 2 32  8  2]
 [64 16  2  4]]
Move.LEFT
[[ 2  8  2  0]
 [ 2  8  2  0]
 [ 2 32  8  2]
 [64 16  2  4]]
Move.LEFT
[[ 2  8  2  0]
 [ 2  8  2  0]
 [ 2 32  8  2]
 [64 16  2  4]]
Move.LEFT
[[ 2  8  2  0]
 [ 2  8  2  0]
 [ 2 32  8  2]
 [64 16  2  4]]
Move.LEFT
[[ 2  8  2  0]
 [ 2  8  2  0]
 [ 2 32  8  2]
 [64 16  2  4]]
Move.LEFT
[[ 2  8  2  0]
 [ 2  8  2  0]
 [ 2 32  8  2]
 [64 16  2  4]]
Move.LEFT
[[ 2  8  2  0]
 [ 2  8  2  0]
 [ 2 32  8  2]
 [64 16  2  4]]
Move.LEFT
[[ 2  8  2  0]
 [ 2  8  2  0]
 [ 2 32  8  2]
 [64 16  2  4]]
Move.LEFT
[[ 2  8  2  0]
 [ 2  8  2  0]
 [ 2 32  8  2]
 [64 16  2  4]]
Move.LEFT
[[ 2  8  2  0]
 [ 2  8  2  0]
 [ 2 32  8  2]
 [64 16  2  4]]
Move.LEFT
[[ 2  8  2  0]
 [ 2  8  2  0]
 [ 2 32  8  2]
 [64 16  2  4]]
Move.LEFT
[[ 2  8  2  0]
 [ 2  8  2  0]
 [ 2 32  8  2]
 [64 16  2  4]]
Move.LEFT
[[ 2  8  2  0]
 [ 2  8  2  0]
 [ 2 32  8  2]
 [64 16  2  4]]
Move.LEFT
[[ 2  8  2  0]
 [ 2  8  2  0]
 [ 2 32  8  2]
 [64 16  2  4]]
Move.LEFT
[[ 2  8  2  0]
 [ 2  8  2  0]
 [ 2 32  8  2]
 [64 16  2  4]]
Move.LEFT
[[ 2  8  2  0]
 [ 2  8  2  0]
 [ 2 32  8  2]
 [64 16  2  4]]
Move.LEFT
[[ 2  8  2  0]
 [ 2  8  2  0]
 [ 2 32  8  2]
 [64 16  2  4]]
Move.LEFT
[[ 2  8  2  0]
 [ 2  8  2  0]
 [ 2 32  8  2]
 [64 16  2  4]]
Move.LEFT
[[ 2  8  2  0]
 [ 2  8  2  0]
 [ 2 32  8  2]
 [64 16  2  4]]
Move.LEFT
[[ 2  8  2  0]
 [ 2  8  2  0]
 [ 2 32  8  2]
 [64 16  2  4]]
Move.LEFT
[[ 2  8  2  0]
 [ 2  8  2  0]
 [ 2 32  8  2]
 [64 16  2  4]]
Move.LEFT
[[ 2  8  2  0]
 [ 2  8  2  0]
 [ 2 32  8  2]
 [64 16  2  4]]
Move.LEFT
[[ 2  8  2  0]
 [ 2  8  2  0]
 [ 2 32  8  2]
 [64 16  2  4]]
Move.LEFT
[[ 2  8  2  0]
 [ 2  8  2  0]
 [ 2 32  8  2]
 [64 16  2  4]]
Move.LEFT
[[ 2  8  2  0]
 [ 2  8  2  0]
 [ 2 32  8  2]
 [64 16  2  4]]
Move.LEFT
[[ 2  8  2  0]
 [ 2  8  2  0]
 [ 2 32  8  2]
 [64 16  2  4]]
Move.LEFT
[[ 2  8  2  0]
 [ 2  8  2  0]
 [ 2 32  8  2]
 [64 16  2  4]]
Move.UP
[[ 4 16  4  2]
 [ 2 32  8  4]
 [64 16  2  0]
 [ 0  2  0  0]]
Move.DOWN
[[ 0 16  0  0]
 [ 4 32  4  2]
 [ 2 16  8  2]
 [64  2  2  4]]
Move.RIGHT
[[ 0  2  0 16]
 [ 4 32  4  2]
 [ 2 16  8  2]
 [ 0 64  4  4]]
Move.LEFT
[[ 2 16  0  2]
 [ 4 32  4  2]
 [ 2 16  8  2]
 [64  8  0  0]]
Move.RIGHT
[[ 0  2 16  2]
 [ 4 32  4  2]
 [ 2 16  8  2]
 [ 2  0 64  8]]
Move.LEFT
[[ 2 16  2  0]
 [ 4 32  4  2]
 [ 2 16  8  2]
 [ 2 64  8  2]]
Move.UP
[[ 2 16  2  4]
 [ 4 32  4  2]
 [ 4 16 16  0]
 [ 0 64  0  2]]
Move.RIGHT
[[ 2 16  2  4]
 [ 4 32  4  2]
 [ 2  0  4 32]
 [ 0  0 64  2]]
Move.LEFT
[[ 2 16  2  4]
 [ 4 32  4  2]
 [ 2  4 32  2]
 [64  2  0  0]]
Move.RIGHT
[[ 2 16  2  4]
 [ 4 32  4  2]
 [ 2  4 32  2]
 [ 2  0 64  2]]
Move.LEFT
[[ 2 16  2  4]
 [ 4 32  4  2]
 [ 2  4 32  2]
 [ 2 64  2  2]]
Move.DOWN
[[ 2 16  2  0]
 [ 2 32  4  4]
 [ 4  4 32  2]
 [ 4 64  2  4]]
Move.UP
[[ 4 16  2  4]
 [ 8 32  4  2]
 [ 0  4 32  4]
 [ 2 64  2  0]]
Move.RIGHT
[[ 4 16  2  4]
 [ 8 32  4  2]
 [ 2  4 32  4]
 [ 0  2 64  2]]
Move.LEFT
[[ 4 16  2  4]
 [ 8 32  4  2]
 [ 2  4 32  4]
 [ 2 64  2  2]]
Move.RIGHT
[[ 4 16  2  4]
 [ 8 32  4  2]
 [ 2  4 32  4]
 [ 2  2 64  4]]
Move.LEFT
[[ 4 16  2  4]
 [ 8 32  4  2]
 [ 2  4 32  4]
 [ 4 64  4  2]]
Move.RIGHT
[[ 4 16  2  4]
 [ 8 32  4  2]
 [ 2  4 32  4]
 [ 4 64  4  2]]
