Move.RIGHT
[[0 0 2 0]
 [0 0 0 2]
 [0 0 0 0]
 [0 0 0 2]]
Move.RIGHT
[[0 0 0 2]
 [0 0 0 2]
 [0 0 0 0]
 [2 0 0 2]]
Move.RIGHT
[[0 0 0 2]
 [0 2 0 2]
 [0 0 0 0]
 [0 0 0 4]]
Move.LEFT
[[2 0 0 0]
 [4 0 0 2]
 [0 0 0 0]
 [4 0 0 0]]
Move.RIGHT
[[0 0 0 2]
 [0 0 4 2]
 [0 0 0 0]
 [0 0 2 4]]
Move.RIGHT
[[0 0 2 2]
 [0 0 4 2]
 [0 0 0 0]
 [0 0 2 4]]
Move.RIGHT
[[0 0 0 4]
 [0 2 4 2]
 [0 0 0 0]
 [0 0 2 4]]
Move.LEFT
[[4 0 0 0]
 [2 4 2 0]
 [0 0 2 0]
 [2 4 0 0]]
Move.LEFT
[[4 0 0 0]
 [2 4 2 0]
 [2 0 0 2]
 [2 4 0 0]]
Move.LEFT
[[4 0 0 0]
 [2 4 2 2]
 [4 0 0 0]
 [2 4 0 0]]
Move.RIGHT
[[2 0 0 4]
 [0 2 4 4]
 [0 0 0 4]
 [0 0 2 4]]
Move.LEFT
[[2 4 0 0]
 [2 8 0 0]
 [4 0 0 0]
 [2 4 2 0]]
Move.LEFT
[[2 4 0 0]
 [2 8 0 0]
 [4 0 0 0]
 [2 4 2 2]]
Move.LEFT
[[2 4 0 2]
 [2 8 0 0]
 [4 0 0 0]
 [2 4 4 0]]
Move.LEFT
[[2 4 2 0]
 [2 8 0 0]
 [4 0 0 0]
 [2 8 0 2]]
Move.LEFT
[[2 4 2 0]
 [2 8 0 0]
 [4 0 2 0]
 [2 8 2 0]]
Move.LEFT
[[2 4 2 0]
 [2 8 0 2]
 [4 2 0 0]
 [2 8 2 0]]
Move.LEFT
[[2 4 2 0]
 [2 8 2 0]
 [4 2 0 0]
 [2 8 2 2]]
Move.LEFT
[[2 4 2 0]
 [2 8 2 2]
 [4 2 0 0]
 [2 8 4 0]]
Move.LEFT
[[2 4 2 0]
 [2 8 4 0]
 [4 2 0 0]
 [2 8 4 2]]
Move.LEFT
[[2 4 2 0]
 [2 8 4 0]
 [4 2 2 0]
 [2 8 4 2]]
Move.LEFT
[[2 4 2 0]
 [2 8 4 0]
 [4 4 2 0]
 [2 8 4 2]]
Move.LEFT
[[2 4 2 0]
 [2 8 4 0]
 [8 2 0 2]
 [2 8 4 2]]
Move.LEFT
[[2 4 2 0]
 [2 8 4 0]
 [8 4 2 0]
 [2 8 4 2]]
Move.LEFT
[[2 4 2 0]
 [2 8 4 0]
 [8 4 2 2]
 [2 8 4 2]]
Move.LEFT
[[2 4 2 0]
 [2 8 4 0]
 [8 4 4 2]
 [2 8 4 2]]
Move.LEFT
[[2 4 2 0]
 [2 8 4 2]
 [8 8 2 0]
 [2 8 4 2]]
Move.DOWN
[[ 0  0  2  2]
 [ 4  4  4  0]
 [ 8  8  2  0]
 [ 2 16  4  4]]
Move.DOWN
[[ 0  2  2  0]
 [ 4  4  4  0]
 [ 8  8  2  2]
 [ 2 16  4  4]]
Move.LEFT
[[ 4  0  0  2]
 [ 8  4  0  0]
 [16  4  0  0]
 [ 2 16  8  0]]
Move.DOWN
[[ 4  0  2  0]
 [ 8  0  0  0]
 [16  8  0  0]
 [ 2 16  8  2]]
Move.DOWN
[[ 4  0  0  0]
 [ 8  0  0  2]
 [16  8  2  0]
 [ 2 16  8  2]]
Move.DOWN
[[ 4  0  2  0]
 [ 8  0  0  0]
 [16  8  2  0]
 [ 2 16  8  4]]
Move.DOWN
[[ 4  0  0  0]
 [ 8  0  2  0]
 [16  8  4  0]
 [ 2 16  8  4]]
Move.DOWN
[[ 4  2  0  0]
 [ 8  0  2  0]
 [16  8  4  0]
 [ 2 16  8  4]]
Move.DOWN
[[ 4  0  0  0]
 [ 8  2  2  2]
 [16  8  4  0]
 [ 2 16  8  4]]
Move.DOWN
[[ 4  2  0  0]
 [ 8  2  2  0]
 [16  8  4  2]
 [ 2 16  8  4]]
Move.DOWN
[[ 4  0  0  2]
 [ 8  4  2  0]
 [16  8  4  2]
 [ 2 16  8  4]]
Move.DOWN
[[ 4  0  0  0]
 [ 8  4  2  2]
 [16  8  4  4]
 [ 2 16  8  4]]
Move.LEFT
[[ 4  0  0  0]
 [ 8  4  4  0]
 [16  8  8  2]
 [ 2 16  8  4]]
Move.DOWN
[[ 4  0  0  0]
 [ 8  4  2  0]
 [16  8  4  2]
 [ 2 16 16  4]]
Move.DOWN
[[ 4  2  0  0]
 [ 8  4  2  0]
 [16  8  4  2]
 [ 2 16 16  4]]
Move.DOWN
[[ 4  2  0  2]
 [ 8  4  2  0]
 [16  8  4  2]
 [ 2 16 16  4]]
Move.DOWN
[[ 4  2  0  0]
 [ 8  4  2  2]
 [16  8  4  4]
 [ 2 16 16  4]]
Move.DOWN
[[ 4  2  2  0]
 [ 8  4  2  0]
 [16  8  4  2]
 [ 2 16 16  8]]
Move.DOWN
[[ 4  2  2  0]
 [ 8  4  4  0]
 [16  8  4  2]
 [ 2 16 16  8]]
Move.DOWN
[[ 4  2  2  0]
 [ 8  4  2  0]
 [16  8  8  2]
 [ 2 16 16  8]]
Move.DOWN
[[ 4  2  0  2]
 [ 8  4  4  0]
 [16  8  8  2]
 [ 2 16 16  8]]
Move.DOWN
[[ 4  2  2  0]
 [ 8  4  4  0]
 [16  8  8  4]
 [ 2 16 16  8]]
Move.DOWN
[[ 4  2  2  0]
 [ 8  4  4  2]
 [16  8  8  4]
 [ 2 16 16  8]]
Move.LEFT
[[ 4  4  2  0]
 [ 8  8  2  0]
 [16 16  4  0]
 [ 2 32  8  0]]
Move.DOWN
[[ 4  4  0  0]
 [ 8  8  4  2]
 [16 16  4  0]
 [ 2 32  8  0]]
Move.DOWN
[[ 4  4  0  2]
 [ 8  8  0  0]
 [16 16  8  0]
 [ 2 32  8  2]]
Move.DOWN
[[ 4  4  0  0]
 [ 8  8  2  0]
 [16 16  0  0]
 [ 2 32 16  4]]
Move.DOWN
[[ 4  4  0  0]
 [ 8  8  2  0]
 [16 16  2  0]
 [ 2 32 16  4]]
Move.DOWN
[[ 4  4  0  0]
 [ 8  8  2  0]
 [16 16  4  0]
 [ 2 32 16  4]]
Move.DOWN
[[ 4  4  2  0]
 [ 8  8  2  0]
 [16 16  4  0]
 [ 2 32 16  4]]
Move.DOWN
[[ 4  4  2  0]
 [ 8  8  4  0]
 [16 16  4  0]
 [ 2 32 16  4]]
Move.DOWN
[[ 4  4  0  0]
 [ 8  8  2  2]
 [16 16  8  0]
 [ 2 32 16  4]]
Move.DOWN
[[ 4  4  0  0]
 [ 8  8  2  2]
 [16 16  8  2]
 [ 2 32 16  4]]
Move.DOWN
[[ 4  4  2  0]
 [ 8  8  2  0]
 [16 16  8  4]
 [ 2 32 16  4]]
Move.DOWN
[[ 4  4  0  0]
 [ 8  8  4  2]
 [16 16  8  0]
 [ 2 32 16  8]]
Move.DOWN
[[ 4  4  0  0]
 [ 8  8  4  2]
 [16 16  8  2]
 [ 2 32 16  8]]
Move.DOWN
[[ 4  4  0  2]
 [ 8  8  4  0]
 [16 16  8  4]
 [ 2 32 16  8]]
Move.DOWN
[[ 4  4  2  0]
 [ 8  8  4  2]
 [16 16  8  4]
 [ 2 32 16  8]]
Move.DOWN
[[ 4  4  2  2]
 [ 8  8  4  2]
 [16 16  8  4]
 [ 2 32 16  8]]
Move.LEFT
[[ 8  4  0  0]
 [16  4  2  0]
 [32  8  4  2]
 [ 2 32 16  8]]
Move.LEFT
[[ 8  4  0  2]
 [16  4  2  0]
 [32  8  4  2]
 [ 2 32 16  8]]
Move.LEFT
[[ 8  4  2  2]
 [16  4  2  0]
 [32  8  4  2]
 [ 2 32 16  8]]
Move.LEFT
[[ 8  4  4  0]
 [16  4  2  2]
 [32  8  4  2]
 [ 2 32 16  8]]
Move.LEFT
[[ 8  8  0  2]
 [16  4  4  0]
 [32  8  4  2]
 [ 2 32 16  8]]
Move.LEFT
[[16  2  0  0]
 [16  8  0  2]
 [32  8  4  2]
 [ 2 32 16  8]]
Move.RIGHT
[[ 0  0 16  2]
 [ 2 16  8  2]
 [32  8  4  2]
 [ 2 32 16  8]]
Move.LEFT
[[16  2  0  2]
 [ 2 16  8  2]
 [32  8  4  2]
 [ 2 32 16  8]]
Move.DOWN
[[16  2  0  2]
 [ 2 16  8  2]
 [32  8  4  4]
 [ 2 32 16  8]]
Move.LEFT
[[16  4  0  2]
 [ 2 16  8  2]
 [32  8  8  0]
 [ 2 32 16  8]]
Move.DOWN
[[16  4  0  2]
 [ 2 16  0  0]
 [32  8 16  4]
 [ 2 32 16  8]]
Move.DOWN
[[16  4  0  2]
 [ 2 16  0  2]
 [32  8  0  4]
 [ 2 32 32  8]]
Move.DOWN
[[16  4  0  0]
 [ 2 16  0  4]
 [32  8  2  4]
 [ 2 32 32  8]]
Move.DOWN
[[16  4  0  0]
 [ 2 16  0  2]
 [32  8  2  8]
 [ 2 32 32  8]]
Move.DOWN
[[16  4  0  2]
 [ 2 16  0  0]
 [32  8  2  2]
 [ 2 32 32 16]]
Move.DOWN
[[16  4  0  0]
 [ 2 16  2  0]
 [32  8  2  4]
 [ 2 32 32 16]]
Move.DOWN
[[16  4  0  0]
 [ 2 16  2  0]
 [32  8  4  4]
 [ 2 32 32 16]]
Move.DOWN
[[16  4  0  2]
 [ 2 16  2  0]
 [32  8  4  4]
 [ 2 32 32 16]]
Move.DOWN
[[16  4  2  0]
 [ 2 16  2  2]
 [32  8  4  4]
 [ 2 32 32 16]]
Move.DOWN
[[16  4  0  2]
 [ 2 16  4  2]
 [32  8  4  4]
 [ 2 32 32 16]]
Move.DOWN
[[16  4  0  2]
 [ 2 16  0  4]
 [32  8  8  4]
 [ 2 32 32 16]]
Move.LEFT
[[16  4  2  0]
 [ 2 16  4  2]
 [32 16  4  0]
 [ 2 64 16  0]]
Move.LEFT
[[16  4  2  0]
 [ 2 16  4  2]
 [32 16  4  2]
 [ 2 64 16  0]]
Move.RIGHT
[[ 2 16  4  2]
 [ 2 16  4  2]
 [32 16  4  2]
 [ 0  2 64 16]]
Move.LEFT
[[ 2 16  4  2]
 [ 2 16  4  2]
 [32 16  2  2]
 [ 2 64 16  0]]
Move.LEFT
[[ 2 16  4  2]
 [ 2 16  4  2]
 [32 16  4  0]
 [ 2 64 16  2]]
Move.LEFT
[[ 2 16  4  2]
 [ 2 16  4  2]
 [32 16  4  2]
 [ 2 64 16  2]]
Move.LEFT
[[ 2 16  4  2]
 [ 2 16  4  2]
 [32 16  4  2]
 [ 2 64 16  2]]
Move.LEFT
[[ 2 16  4  2]
 [ 2 16  4  2]
 [32 16  4  2]
 [ 2 64 16  2]]
Move.LEFT
[[ 2 16  4  2]
 [ 2 16  4  2]
 [32 16  4  2]
 [ 2 64 16  2]]
Move.LEFT
[[ 2 16  4  2]
 [ 2 16  4  2]
 [32 16  4  2]
 [ 2 64 16  2]]
Move.LEFT
[[ 2 16  4  2]
 [ 2 16  4  2]
 [32 16  4  2]
 [ 2 64 16  2]]
Move.LEFT
[[ 2 16  4  2]
 [ 2 16  4  2]
 [32 16  4  2]
 [ 2 64 16  2]]
Move.LEFT
[[ 2 16  4  2]
 [ 2 16  4  2]
 [32 16  4  2]
 [ 2 64 16  2]]
Move.LEFT
[[ 2 16  4  2]
 [ 2 16  4  2]
 [32 16  4  2]
 [ 2 64 16  2]]
Move.DOWN
[[ 0  0  2  0]
 [ 4 16  4  0]
 [32 32  8  4]
 [ 2 64 16  4]]
Move.DOWN
[[ 2  0  2  0]
 [ 4 16  4  0]
 [32 32  8  0]
 [ 2 64 16  8]]
Move.DOWN
[[ 2  0  2  2]
 [ 4 16  4  0]
 [32 32  8  0]
 [ 2 64 16  8]]
Move.DOWN
[[ 2  0  2  2]
 [ 4 16  4  0]
 [32 32  8  2]
 [ 2 64 16  8]]
Move.DOWN
[[ 2  0  2  2]
 [ 4 16  4  0]
 [32 32  8  4]
 [ 2 64 16  8]]
Move.DOWN
[[ 2  2  2  0]
 [ 4 16  4  2]
 [32 32  8  4]
 [ 2 64 16  8]]
Move.LEFT
[[ 4  2  0  2]
 [ 4 16  4  2]
 [64  8  4  0]
 [ 2 64 16  8]]
Move.LEFT
[[ 4  4  2  0]
 [ 4 16  4  2]
 [64  8  4  0]
 [ 2 64 16  8]]
Move.LEFT
[[ 8  2  0  0]
 [ 4 16  4  2]
 [64  8  4  2]
 [ 2 64 16  8]]
Move.DOWN
[[ 8  2  0  2]
 [ 4 16  0  0]
 [64  8  8  4]
 [ 2 64 16  8]]
Move.UP
[[ 8  2  8  2]
 [ 4 16 16  4]
 [64  8  2  8]
 [ 2 64  0  0]]
Move.DOWN
[[ 8  2  0  2]
 [ 4 16  8  2]
 [64  8 16  4]
 [ 2 64  2  8]]
Move.DOWN
[[ 8  2  0  2]
 [ 4 16  8  4]
 [64  8 16  4]
 [ 2 64  2  8]]
Move.DOWN
[[ 8  2  2  0]
 [ 4 16  8  2]
 [64  8 16  8]
 [ 2 64  2  8]]
Move.UP
[[ 8  2  2  2]
 [ 4 16  8 16]
 [64  8 16  2]
 [ 2 64  2  0]]
Move.DOWN
[[ 8  2  2  0]
 [ 4 16  8  2]
 [64  8 16 16]
 [ 2 64  2  2]]
Move.UP
[[ 8  2  2  2]
 [ 4 16  8 16]
 [64  8 16  2]
 [ 2 64  2  2]]
Move.DOWN
[[ 8  2  2  0]
 [ 4 16  8  2]
 [64  8 16 16]
 [ 2 64  2  4]]
Move.UP
[[ 8  2  2  2]
 [ 4 16  8 16]
 [64  8 16  4]
 [ 2 64  2  0]]
Move.DOWN
[[ 8  2  2  2]
 [ 4 16  8  2]
 [64  8 16 16]
 [ 2 64  2  4]]
Move.UP
[[ 8  2  2  4]
 [ 4 16  8 16]
 [64  8 16  4]
 [ 2 64  2  2]]
Move.DOWN
[[ 8  2  2  4]
 [ 4 16  8 16]
 [64  8 16  4]
 [ 2 64  2  2]]
Move.DOWN
[[ 8  2  2  4]
 [ 4 16  8 16]
 [64  8 16  4]
 [ 2 64  2  2]]
Move.DOWN
[[ 8  2  2  4]
 [ 4 16  8 16]
 [64  8 16  4]
 [ 2 64  2  2]]
Move.DOWN
[[ 8  2  2  4]
 [ 4 16  8 16]
 [64  8 16  4]
 [ 2 64  2  2]]
Move.DOWN
[[ 8  2  2  4]
 [ 4 16  8 16]
 [64  8 16  4]
 [ 2 64  2  2]]
Move.DOWN
[[ 8  2  2  4]
 [ 4 16  8 16]
 [64  8 16  4]
 [ 2 64  2  2]]
Move.DOWN
[[ 8  2  2  4]
 [ 4 16  8 16]
 [64  8 16  4]
 [ 2 64  2  2]]
Move.DOWN
[[ 8  2  2  4]
 [ 4 16  8 16]
 [64  8 16  4]
 [ 2 64  2  2]]
Move.LEFT
[[ 8  4  4  0]
 [ 4  2  8 16]
 [64  8 16  4]
 [ 2 64  4  0]]
Move.DOWN
[[ 8  4  4  2]
 [ 4  2  8  0]
 [64  8 16 16]
 [ 2 64  4  4]]
Move.UP
[[ 8  4  4  2]
 [ 4  2  2 16]
 [64  8 16  4]
 [ 2 64  4  0]]
Move.DOWN
[[ 8  4  4  0]
 [ 4  2  2  2]
 [64  8 16 16]
 [ 2  2  4  4]]
Move.DOWN
[[ 8  4  4  2]
 [ 4  2  2  2]
 [64  8 16 16]
 [ 2  2  4  4]]
Move.DOWN
[[ 8  4  4  0]
 [ 4  2  2  4]
 [64  8  2 16]
 [ 2  2  4  4]]
Move.LEFT
[[ 8  8  0  2]
 [ 4  4  4  0]
 [64  8  2 16]
 [ 4  8  0  0]]
Move.DOWN
[[ 8  0  0  2]
 [ 4  8  0  0]
 [64  4  4  2]
 [ 4 16  2 16]]
Move.RIGHT
[[ 2  0  8  2]
 [ 0  0  4  8]
 [ 0 64  8  2]
 [ 4 16  2 16]]
Move.DOWN
[[ 2  0  8  2]
 [ 0  0  4  8]
 [ 2 64  8  2]
 [ 4 16  2 16]]
Move.DOWN
[[ 0  2  8  2]
 [ 0  0  4  8]
 [ 4 64  8  2]
 [ 4 16  2 16]]
Move.DOWN
[[ 0  0  8  2]
 [ 2  2  4  8]
 [ 0 64  8  2]
 [ 8 16  2 16]]
Move.DOWN
[[ 2  0  8  2]
 [ 0  2  4  8]
 [ 2 64  8  2]
 [ 8 16  2 16]]
Move.DOWN
[[ 2  0  8  2]
 [ 0  2  4  8]
 [ 4 64  8  2]
 [ 8 16  2 16]]
Move.DOWN
[[ 0  2  8  2]
 [ 2  2  4  8]
 [ 4 64  8  2]
 [ 8 16  2 16]]
Move.DOWN
[[ 0  0  8  2]
 [ 2  4  4  8]
 [ 4 64  8  2]
 [ 8 16  2 16]]
Move.DOWN
[[ 0  0  8  2]
 [ 2  4  4  2]
 [ 4 64  8  2]
 [ 8 16  2 16]]
Move.DOWN
[[ 2  0  8  0]
 [ 2  4  4  2]
 [ 4 64  8  4]
 [ 8 16  2 16]]
Move.DOWN
[[ 2  0  8  0]
 [ 4  4  4  2]
 [ 4 64  8  4]
 [ 8 16  2 16]]
Move.DOWN
[[ 0  2  8  0]
 [ 2  4  4  2]
 [ 8 64  8  4]
 [ 8 16  2 16]]
Move.DOWN
[[ 2  2  8  0]
 [ 0  4  4  2]
 [ 2 64  8  4]
 [16 16  2 16]]
Move.DOWN
[[ 0  2  8  0]
 [ 2  4  4  2]
 [ 4 64  8  4]
 [16 16  2 16]]
Move.DOWN
[[ 0  2  8  2]
 [ 2  4  4  2]
 [ 4 64  8  4]
 [16 16  2 16]]
Move.DOWN
[[ 2  2  8  0]
 [ 2  4  4  4]
 [ 4 64  8  4]
 [16 16  2 16]]
Move.DOWN
[[ 2  2  8  0]
 [ 4  4  4  0]
 [ 4 64  8  8]
 [16 16  2 16]]
Move.DOWN
[[ 0  2  8  0]
 [ 2  4  4  2]
 [ 8 64  8  8]
 [16 16  2 16]]
Move.DOWN
[[ 0  2  8  2]
 [ 2  4  4  2]
 [ 8 64  8  8]
 [16 16  2 16]]
Move.DOWN
[[ 0  2  8  2]
 [ 2  4  4  4]
 [ 8 64  8  8]
 [16 16  2 16]]
Move.DOWN
[[ 0  2  8  2]
 [ 2  4  4  4]
 [ 8 64  8  2]
 [16 16  2 16]]
Move.DOWN
[[ 2  2  8  2]
 [ 2  4  4  4]
 [ 8 64  8  2]
 [16 16  2 16]]
Move.DOWN
[[ 2  2  8  2]
 [ 4  4  4  4]
 [ 8 64  8  2]
 [16 16  2 16]]
Move.DOWN
[[ 2  2  8  2]
 [ 4  4  4  4]
 [ 8 64  8  2]
 [16 16  2 16]]
Move.DOWN
[[ 2  2  8  2]
 [ 4  4  4  4]
 [ 8 64  8  2]
 [16 16  2 16]]
Move.DOWN
[[ 2  2  8  2]
 [ 4  4  4  4]
 [ 8 64  8  2]
 [16 16  2 16]]
Move.DOWN
[[ 2  2  8  2]
 [ 4  4  4  4]
 [ 8 64  8  2]
 [16 16  2 16]]
Move.DOWN
[[ 2  2  8  2]
 [ 4  4  4  4]
 [ 8 64  8  2]
 [16 16  2 16]]
Move.DOWN
[[ 2  2  8  2]
 [ 4  4  4  4]
 [ 8 64  8  2]
 [16 16  2 16]]
Move.DOWN
[[ 2  2  8  2]
 [ 4  4  4  4]
 [ 8 64  8  2]
 [16 16  2 16]]
Move.DOWN
[[ 2  2  8  2]
 [ 4  4  4  4]
 [ 8 64  8  2]
 [16 16  2 16]]
Move.RIGHT
[[ 0  4  8  2]
 [ 0  2  8  8]
 [ 8 64  8  2]
 [ 0 32  2 16]]
Move.DOWN
[[ 2  4  0  2]
 [ 0  2  8  8]
 [ 0 64 16  2]
 [ 8 32  2 16]]
Move.RIGHT
[[ 0  2  4  2]
 [ 2  0  2 16]
 [ 0 64 16  2]
 [ 8 32  2 16]]
Move.DOWN
[[ 2  0  4  2]
 [ 0  2  2 16]
 [ 2 64 16  2]
 [ 8 32  2 16]]
Move.DOWN
[[ 0  0  4  2]
 [ 2  2  2 16]
 [ 4 64 16  2]
 [ 8 32  2 16]]
Move.DOWN
[[ 0  2  4  2]
 [ 2  2  2 16]
 [ 4 64 16  2]
 [ 8 32  2 16]]
Move.DOWN
[[ 0  2  4  2]
 [ 2  4  2 16]
 [ 4 64 16  2]
 [ 8 32  2 16]]
Move.DOWN
[[ 2  2  4  2]
 [ 2  4  2 16]
 [ 4 64 16  2]
 [ 8 32  2 16]]
Move.DOWN
[[ 2  2  4  2]
 [ 4  4  2 16]
 [ 4 64 16  2]
 [ 8 32  2 16]]
Move.DOWN
[[ 0  2  4  2]
 [ 2  4  2 16]
 [ 8 64 16  2]
 [ 8 32  2 16]]
Move.DOWN
[[ 2  2  4  2]
 [ 0  4  2 16]
 [ 2 64 16  2]
 [16 32  2 16]]
Move.DOWN
[[ 0  2  4  2]
 [ 2  4  2 16]
 [ 4 64 16  2]
 [16 32  2 16]]
Move.DOWN
[[ 2  2  4  2]
 [ 2  4  2 16]
 [ 4 64 16  2]
 [16 32  2 16]]
Move.DOWN
[[ 2  2  4  2]
 [ 4  4  2 16]
 [ 4 64 16  2]
 [16 32  2 16]]
Move.DOWN
[[ 2  2  4  2]
 [ 2  4  2 16]
 [ 8 64 16  2]
 [16 32  2 16]]
Move.DOWN
[[ 2  2  4  2]
 [ 4  4  2 16]
 [ 8 64 16  2]
 [16 32  2 16]]
Move.DOWN
[[ 2  2  4  2]
 [ 4  4  2 16]
 [ 8 64 16  2]
 [16 32  2 16]]
Move.DOWN
[[ 2  2  4  2]
 [ 4  4  2 16]
 [ 8 64 16  2]
 [16 32  2 16]]
Move.DOWN
[[ 2  2  4  2]
 [ 4  4  2 16]
 [ 8 64 16  2]
 [16 32  2 16]]
Move.DOWN
[[ 2  2  4  2]
 [ 4  4  2 16]
 [ 8 64 16  2]
 [16 32  2 16]]
Move.DOWN
[[ 2  2  4  2]
 [ 4  4  2 16]
 [ 8 64 16  2]
 [16 32  2 16]]
Move.DOWN
[[ 2  2  4  2]
 [ 4  4  2 16]
 [ 8 64 16  2]
 [16 32  2 16]]
Move.DOWN
[[ 2  2  4  2]
 [ 4  4  2 16]
 [ 8 64 16  2]
 [16 32  2 16]]
Move.DOWN
[[ 2  2  4  2]
 [ 4  4  2 16]
 [ 8 64 16  2]
 [16 32  2 16]]
Move.DOWN
[[ 2  2  4  2]
 [ 4  4  2 16]
 [ 8 64 16  2]
 [16 32  2 16]]
Move.DOWN
[[ 2  2  4  2]
 [ 4  4  2 16]
 [ 8 64 16  2]
 [16 32  2 16]]
Move.DOWN
[[ 2  2  4  2]
 [ 4  4  2 16]
 [ 8 64 16  2]
 [16 32  2 16]]
Move.DOWN
[[ 2  2  4  2]
 [ 4  4  2 16]
 [ 8 64 16  2]
 [16 32  2 16]]
Move.DOWN
[[ 2  2  4  2]
 [ 4  4  2 16]
 [ 8 64 16  2]
 [16 32  2 16]]
Move.DOWN
[[ 2  2  4  2]
 [ 4  4  2 16]
 [ 8 64 16  2]
 [16 32  2 16]]
Move.DOWN
[[ 2  2  4  2]
 [ 4  4  2 16]
 [ 8 64 16  2]
 [16 32  2 16]]
Move.DOWN
[[ 2  2  4  2]
 [ 4  4  2 16]
 [ 8 64 16  2]
 [16 32  2 16]]
Move.DOWN
[[ 2  2  4  2]
 [ 4  4  2 16]
 [ 8 64 16  2]
 [16 32  2 16]]
Move.DOWN
[[ 2  2  4  2]
 [ 4  4  2 16]
 [ 8 64 16  2]
 [16 32  2 16]]
Move.DOWN
[[ 2  2  4  2]
 [ 4  4  2 16]
 [ 8 64 16  2]
 [16 32  2 16]]
Move.DOWN
[[ 2  2  4  2]
 [ 4  4  2 16]
 [ 8 64 16  2]
 [16 32  2 16]]
Move.DOWN
[[ 2  2  4  2]
 [ 4  4  2 16]
 [ 8 64 16  2]
 [16 32  2 16]]
Move.DOWN
[[ 2  2  4  2]
 [ 4  4  2 16]
 [ 8 64 16  2]
 [16 32  2 16]]
Move.DOWN
[[ 2  2  4  2]
 [ 4  4  2 16]
 [ 8 64 16  2]
 [16 32  2 16]]
Move.DOWN
[[ 2  2  4  2]
 [ 4  4  2 16]
 [ 8 64 16  2]
 [16 32  2 16]]
Move.DOWN
[[ 2  2  4  2]
 [ 4  4  2 16]
 [ 8 64 16  2]
 [16 32  2 16]]
Move.DOWN
[[ 2  2  4  2]
 [ 4  4  2 16]
 [ 8 64 16  2]
 [16 32  2 16]]
Move.DOWN
[[ 2  2  4  2]
 [ 4  4  2 16]
 [ 8 64 16  2]
 [16 32  2 16]]
Move.DOWN
[[ 2  2  4  2]
 [ 4  4  2 16]
 [ 8 64 16  2]
 [16 32  2 16]]
Move.DOWN
[[ 2  2  4  2]
 [ 4  4  2 16]
 [ 8 64 16  2]
 [16 32  2 16]]
Move.DOWN
[[ 2  2  4  2]
 [ 4  4  2 16]
 [ 8 64 16  2]
 [16 32  2 16]]
Move.DOWN
[[ 2  2  4  2]
 [ 4  4  2 16]
 [ 8 64 16  2]
 [16 32  2 16]]
Move.DOWN
[[ 2  2  4  2]
 [ 4  4  2 16]
 [ 8 64 16  2]
 [16 32  2 16]]
Move.DOWN
[[ 2  2  4  2]
 [ 4  4  2 16]
 [ 8 64 16  2]
 [16 32  2 16]]
Move.DOWN
[[ 2  2  4  2]
 [ 4  4  2 16]
 [ 8 64 16  2]
 [16 32  2 16]]
Move.DOWN
[[ 2  2  4  2]
 [ 4  4  2 16]
 [ 8 64 16  2]
 [16 32  2 16]]
Move.DOWN
[[ 2  2  4  2]
 [ 4  4  2 16]
 [ 8 64 16  2]
 [16 32  2 16]]
Move.DOWN
[[ 2  2  4  2]
 [ 4  4  2 16]
 [ 8 64 16  2]
 [16 32  2 16]]
Move.DOWN
[[ 2  2  4  2]
 [ 4  4  2 16]
 [ 8 64 16  2]
 [16 32  2 16]]
Move.DOWN
[[ 2  2  4  2]
 [ 4  4  2 16]
 [ 8 64 16  2]
 [16 32  2 16]]
Move.DOWN
[[ 2  2  4  2]
 [ 4  4  2 16]
 [ 8 64 16  2]
 [16 32  2 16]]
Move.DOWN
[[ 2  2  4  2]
 [ 4  4  2 16]
 [ 8 64 16  2]
 [16 32  2 16]]
Move.DOWN
[[ 2  2  4  2]
 [ 4  4  2 16]
 [ 8 64 16  2]
 [16 32  2 16]]
Move.RIGHT
[[ 2  4  4  2]
 [ 0  8  2 16]
 [ 8 64 16  2]
 [16 32  2 16]]
Move.DOWN
[[ 0  4  4  2]
 [ 2  8  2 16]
 [ 8 64 16  2]
 [16 32  2  2]]
Move.RIGHT
[[ 0  2  8  2]
 [ 2  8  2 16]
 [ 8 64 16  2]
 [ 0 16 32  4]]
Move.RIGHT
[[ 2  2  8  2]
 [ 2  8  2 16]
 [ 8 64 16  2]
 [ 0 16 32  4]]
Move.RIGHT
[[ 2  4  8  2]
 [ 2  8  2 16]
 [ 8 64 16  2]
 [ 0 16 32  4]]
Move.DOWN
[[ 0  4  8  2]
 [ 2  8  2 16]
 [ 4 64 16  2]
 [ 8 16 32  4]]
Move.DOWN
[[ 0  4  8  2]
 [ 2  8  2 16]
 [ 4 64 16  2]
 [ 8 16 32  2]]
Move.DOWN
[[ 2  4  8  0]
 [ 2  8  2  2]
 [ 4 64 16 16]
 [ 8 16 32  4]]
Move.DOWN
[[ 0  4  8  2]
 [ 4  8  2  2]
 [ 4 64 16 16]
 [ 8 16 32  4]]
Move.DOWN
[[ 2  4  8  0]
 [ 0  8  2  4]
 [ 8 64 16 16]
 [ 8 16 32  4]]
Move.DOWN
[[ 2  4  8  0]
 [ 0  8  2  4]
 [ 2 64 16 16]
 [16 16 32  4]]
Move.DOWN
[[ 0  4  8  0]
 [ 2  8  2  4]
 [ 4 64 16 16]
 [16 16 32  4]]
Move.DOWN
[[ 0  4  8  2]
 [ 2  8  2  4]
 [ 4 64 16 16]
 [16 16 32  4]]
Move.DOWN
[[ 2  4  8  2]
 [ 2  8  2  4]
 [ 4 64 16 16]
 [16 16 32  4]]
Move.DOWN
[[ 2  4  8  2]
 [ 4  8  2  4]
 [ 4 64 16 16]
 [16 16 32  4]]
Move.DOWN
[[ 0  4  8  2]
 [ 2  8  2  4]
 [ 8 64 16 16]
 [16 16 32  2]]
Move.DOWN
[[ 0  4  8  2]
 [ 2  8  2  4]
 [ 8 64 16 16]
 [16 16 32  2]]
Move.DOWN
[[ 0  4  8  2]
 [ 2  8  2  4]
 [ 8 64 16  2]
 [16 16 32  2]]
Move.DOWN
[[ 0  4  8  2]
 [ 2  8  2  2]
 [ 8 64 16  4]
 [16 16 32  4]]
Move.DOWN
[[ 0  4  8  2]
 [ 2  8  2  0]
 [ 8 64 16  4]
 [16 16 32  8]]
Move.UP
[[ 2  4  8  2]
 [ 8  8  2  4]
 [16 64 16  8]
 [ 2 16 32  0]]
Move.RIGHT
[[ 2  4  8  2]
 [ 0 16  2  4]
 [16 64 16  8]
 [ 2  2 16 32]]
Move.DOWN
[[ 0  4  2  2]
 [ 2 16  8  4]
 [16 64  2  8]
 [ 2  2 32 32]]
Move.LEFT
[[ 4  4  0  2]
 [ 2 16  8  4]
 [16 64  2  8]
 [ 4 64  0  0]]
Move.RIGHT
[[ 2  0  8  2]
 [ 2 16  8  4]
 [16 64  2  8]
 [ 0  0  4 64]]
Move.RIGHT
[[ 0  2  8  2]
 [ 2  2  8  4]
 [16 64  2  8]
 [ 0  0  4 64]]
Move.RIGHT
[[ 0  2  8  2]
 [ 0  4  8  4]
 [16 64  2  8]
 [ 2  0  4 64]]
Move.RIGHT
[[ 2  2  8  2]
 [ 0  4  8  4]
 [16 64  2  8]
 [ 0  2  4 64]]
Move.RIGHT
[[ 0  4  8  2]
 [ 2  4  8  4]
 [16 64  2  8]
 [ 0  2  4 64]]
Move.RIGHT
[[ 2  4  8  2]
 [ 2  4  8  4]
 [16 64  2  8]
 [ 0  2  4 64]]
Move.RIGHT
[[ 2  4  8  2]
 [ 2  4  8  4]
 [16 64  2  8]
 [ 2  2  4 64]]
Move.RIGHT
[[ 2  4  8  2]
 [ 2  4  8  4]
 [16 64  2  8]
 [ 2  4  4 64]]
Move.RIGHT
[[ 2  4  8  2]
 [ 2  4  8  4]
 [16 64  2  8]
 [ 0  2  8 64]]
Move.RIGHT
[[ 2  4  8  2]
 [ 2  4  8  4]
 [16 64  2  8]
 [ 2  2  8 64]]
Move.RIGHT
[[ 2  4  8  2]
 [ 2  4  8  4]
 [16 64  2  2]
 [ 0  4  8 64]]
Move.DOWN
[[ 2  0  0  2]
 [ 0  8 16  4]
 [ 4 64  2  2]
 [16  4  8 64]]
Move.RIGHT
[[ 0  0  2  4]
 [ 0  8 16  4]
 [ 0  4 64  4]
 [16  4  8 64]]
Move.LEFT
[[ 2  4  0  0]
 [ 8 16  4  2]
 [ 4 64  4  0]
 [16  4  8 64]]
Move.RIGHT
[[ 0  2  2  4]
 [ 8 16  4  2]
 [ 0  4 64  4]
 [16  4  8 64]]
Move.LEFT
[[ 4  4  0  2]
 [ 8 16  4  2]
 [ 4 64  4  0]
 [16  4  8 64]]
Move.RIGHT
[[ 0  0  8  2]
 [ 8 16  4  2]
 [ 2  4 64  4]
 [16  4  8 64]]
Move.LEFT
[[ 8  2  0  2]
 [ 8 16  4  2]
 [ 2  4 64  4]
 [16  4  8 64]]
Move.LEFT
[[ 8  4  0  2]
 [ 8 16  4  2]
 [ 2  4 64  4]
 [16  4  8 64]]
Move.UP
[[16  4  4  4]
 [ 2 16 64  4]
 [16  8  8 64]
 [ 0  0  2  0]]
Move.LEFT
[[16  8  4  0]
 [ 2 16 64  4]
 [16 16 64  2]
 [ 2  0  0  0]]
Move.UP
[[ 16   8   4   4]
 [  2  32 128   2]
 [ 16   0   2   0]
 [  2   0   0   0]]
Move.LEFT
[[ 16   8   8   0]
 [  2  32 128   2]
 [ 16   2   0   2]
 [  2   0   0   0]]
Move.LEFT
[[ 16  16   0   0]
 [  2  32 128   2]
 [ 16   4   0   0]
 [  2   0   0   2]]
Move.LEFT
[[ 32   0   0   0]
 [  2  32 128   2]
 [ 16   4   0   0]
 [  4   0   0   2]]
Move.LEFT
[[ 32   2   0   0]
 [  2  32 128   2]
 [ 16   4   0   0]
 [  4   2   0   0]]
Move.LEFT
[[ 32   2   0   0]
 [  2  32 128   2]
 [ 16   4   2   0]
 [  4   2   0   0]]
Move.LEFT
[[ 32   2   2   0]
 [  2  32 128   2]
 [ 16   4   2   0]
 [  4   2   0   0]]
Move.LEFT
[[ 32   4   0   0]
 [  2  32 128   2]
 [ 16   4   2   0]
 [  4   2   2   0]]
Move.LEFT
[[ 32   4   0   0]
 [  2  32 128   2]
 [ 16   4   2   2]
 [  4   4   0   0]]
Move.LEFT
[[ 32   4   2   0]
 [  2  32 128   2]
 [ 16   4   4   0]
 [  8   0   0   0]]
Move.LEFT
[[ 32   4   2   0]
 [  2  32 128   2]
 [ 16   8   0   2]
 [  8   0   0   0]]
Move.LEFT
[[ 32   4   2   0]
 [  2  32 128   2]
 [ 16   8   2   0]
 [  8   2   0   0]]
Move.LEFT
[[ 32   4   2   0]
 [  2  32 128   2]
 [ 16   8   2   0]
 [  8   2   2   0]]
Move.LEFT
[[ 32   4   2   0]
 [  2  32 128   2]
 [ 16   8   2   0]
 [  8   4   2   0]]
Move.LEFT
[[ 32   4   2   0]
 [  2  32 128   2]
 [ 16   8   2   0]
 [  8   4   2   2]]
Move.LEFT
[[ 32   4   2   0]
 [  2  32 128   2]
 [ 16   8   2   0]
 [  8   4   4   2]]
Move.LEFT
[[ 32   4   2   0]
 [  2  32 128   2]
 [ 16   8   2   2]
 [  8   8   2   0]]
Move.LEFT
[[ 32   4   2   0]
 [  2  32 128   2]
 [ 16   8   4   0]
 [ 16   2   0   2]]
Move.LEFT
[[ 32   4   2   2]
 [  2  32 128   2]
 [ 16   8   4   0]
 [ 16   4   0   0]]
Move.LEFT
[[ 32   4   4   0]
 [  2  32 128   2]
 [ 16   8   4   2]
 [ 16   4   0   0]]
Move.LEFT
[[ 32   8   0   0]
 [  2  32 128   2]
 [ 16   8   4   2]
 [ 16   4   2   0]]
Move.LEFT
[[ 32   8   0   0]
 [  2  32 128   2]
 [ 16   8   4   2]
 [ 16   4   2   2]]
Move.LEFT
[[ 32   8   2   0]
 [  2  32 128   2]
 [ 16   8   4   2]
 [ 16   4   4   0]]
Move.LEFT
[[ 32   8   2   0]
 [  2  32 128   2]
 [ 16   8   4   2]
 [ 16   8   2   0]]
Move.LEFT
[[ 32   8   2   2]
 [  2  32 128   2]
 [ 16   8   4   2]
 [ 16   8   2   0]]
Move.LEFT
[[ 32   8   4   2]
 [  2  32 128   2]
 [ 16   8   4   2]
 [ 16   8   2   0]]
Move.LEFT
[[ 32   8   4   2]
 [  2  32 128   2]
 [ 16   8   4   2]
 [ 16   8   2   2]]
Move.LEFT
[[ 32   8   4   2]
 [  2  32 128   2]
 [ 16   8   4   2]
 [ 16   8   4   0]]
Move.LEFT
[[ 32   2   4   2]
 [  2  32 128   2]
 [ 16   8   4   2]
 [ 16   8   4   0]]
Move.LEFT
[[ 32   2   4   2]
 [  2  32 128   2]
 [ 16   8   4   2]
 [ 16   8   4   2]]
Move.LEFT
[[ 32   2   4   2]
 [  2  32 128   2]
 [ 16   8   4   2]
 [ 16   8   4   2]]
Move.LEFT
[[ 32   2   4   2]
 [  2  32 128   2]
 [ 16   8   4   2]
 [ 16   8   4   2]]
Move.LEFT
[[ 32   2   4   2]
 [  2  32 128   2]
 [ 16   8   4   2]
 [ 16   8   4   2]]
Move.LEFT
[[ 32   2   4   2]
 [  2  32 128   2]
 [ 16   8   4   2]
 [ 16   8   4   2]]
Move.DOWN
[[  0   0   0   0]
 [ 32   2   4   2]
 [  2  32 128   4]
 [ 32  16   8   4]]
Move.RIGHT
[[  0   0   2   0]
 [ 32   2   4   2]
 [  2  32 128   4]
 [ 32  16   8   4]]
Move.RIGHT
[[  2   0   0   2]
 [ 32   2   4   2]
 [  2  32 128   4]
 [ 32  16   8   4]]
Move.RIGHT
[[  2   0   0   4]
 [ 32   2   4   2]
 [  2  32 128   4]
 [ 32  16   8   4]]
Move.RIGHT
[[  2   0   2   4]
 [ 32   2   4   2]
 [  2  32 128   4]
 [ 32  16   8   4]]
Move.RIGHT
[[  0   2   4   4]
 [ 32   2   4   2]
 [  2  32 128   4]
 [ 32  16   8   4]]
Move.LEFT
[[  2   8   0   2]
 [ 32   2   4   2]
 [  2  32 128   4]
 [ 32  16   8   4]]
Move.RIGHT
[[  2   2   8   2]
 [ 32   2   4   2]
 [  2  32 128   4]
 [ 32  16   8   4]]
Move.RIGHT
[[  2   4   8   2]
 [ 32   2   4   2]
 [  2  32 128   4]
 [ 32  16   8   4]]
Move.RIGHT
[[  2   4   8   2]
 [ 32   2   4   2]
 [  2  32 128   4]
 [ 32  16   8   4]]
Move.RIGHT
[[  2   4   8   2]
 [ 32   2   4   2]
 [  2  32 128   4]
 [ 32  16   8   4]]
Move.RIGHT
[[  2   4   8   2]
 [ 32   2   4   2]
 [  2  32 128   4]
 [ 32  16   8   4]]
Move.LEFT
[[  2   4   8   2]
 [ 32   2   4   2]
 [  2  32 128   4]
 [ 32  16   8   4]]
Move.RIGHT
[[  2   4   8   2]
 [ 32   2   4   2]
 [  2  32 128   4]
 [ 32  16   8   4]]
Move.RIGHT
[[  2   4   8   2]
 [ 32   2   4   2]
 [  2  32 128   4]
 [ 32  16   8   4]]
Move.RIGHT
[[  2   4   8   2]
 [ 32   2   4   2]
 [  2  32 128   4]
 [ 32  16   8   4]]
Move.RIGHT
[[  2   4   8   2]
 [ 32   2   4   2]
 [  2  32 128   4]
 [ 32  16   8   4]]
Move.RIGHT
[[  2   4   8   2]
 [ 32   2   4   2]
 [  2  32 128   4]
 [ 32  16   8   4]]
Move.RIGHT
[[  2   4   8   2]
 [ 32   2   4   2]
 [  2  32 128   4]
 [ 32  16   8   4]]
Move.RIGHT
[[  2   4   8   2]
 [ 32   2   4   2]
 [  2  32 128   4]
 [ 32  16   8   4]]
Move.RIGHT
[[  2   4   8   2]
 [ 32   2   4   2]
 [  2  32 128   4]
 [ 32  16   8   4]]
Move.RIGHT
[[  2   4   8   2]
 [ 32   2   4   2]
 [  2  32 128   4]
 [ 32  16   8   4]]
Move.RIGHT
[[  2   4   8   2]
 [ 32   2   4   2]
 [  2  32 128   4]
 [ 32  16   8   4]]
Move.RIGHT
[[  2   4   8   2]
 [ 32   2   4   2]
 [  2  32 128   4]
 [ 32  16   8   4]]
Move.RIGHT
[[  2   4   8   2]
 [ 32   2   4   2]
 [  2  32 128   4]
 [ 32  16   8   4]]
Move.RIGHT
[[  2   4   8   2]
 [ 32   2   4   2]
 [  2  32 128   4]
 [ 32  16   8   4]]
Move.RIGHT
[[  2   4   8   2]
 [ 32   2   4   2]
 [  2  32 128   4]
 [ 32  16   8   4]]
Move.RIGHT
[[  2   4   8   2]
 [ 32   2   4   2]
 [  2  32 128   4]
 [ 32  16   8   4]]
Move.RIGHT
[[  2   4   8   2]
 [ 32   2   4   2]
 [  2  32 128   4]
 [ 32  16   8   4]]
Move.RIGHT
[[  2   4   8   2]
 [ 32   2   4   2]
 [  2  32 128   4]
 [ 32  16   8   4]]
Move.RIGHT
[[  2   4   8   2]
 [ 32   2   4   2]
 [  2  32 128   4]
 [ 32  16   8   4]]
Move.RIGHT
[[  2   4   8   2]
 [ 32   2   4   2]
 [  2  32 128   4]
 [ 32  16   8   4]]
Move.RIGHT
[[  2   4   8   2]
 [ 32   2   4   2]
 [  2  32 128   4]
 [ 32  16   8   4]]
Move.RIGHT
[[  2   4   8   2]
 [ 32   2   4   2]
 [  2  32 128   4]
 [ 32  16   8   4]]
Move.RIGHT
[[  2   4   8   2]
 [ 32   2   4   2]
 [  2  32 128   4]
 [ 32  16   8   4]]
Move.RIGHT
[[  2   4   8   2]
 [ 32   2   4   2]
 [  2  32 128   4]
 [ 32  16   8   4]]
Move.RIGHT
[[  2   4   8   2]
 [ 32   2   4   2]
 [  2  32 128   4]
 [ 32  16   8   4]]
Move.RIGHT
[[  2   4   8   2]
 [ 32   2   4   2]
 [  2  32 128   4]
 [ 32  16   8   4]]
Move.RIGHT
[[  2   4   8   2]
 [ 32   2   4   2]
 [  2  32 128   4]
 [ 32  16   8   4]]
Move.RIGHT
[[  2   4   8   2]
 [ 32   2   4   2]
 [  2  32 128   4]
 [ 32  16   8   4]]
Move.RIGHT
[[  2   4   8   2]
 [ 32   2   4   2]
 [  2  32 128   4]
 [ 32  16   8   4]]
Move.RIGHT
[[  2   4   8   2]
 [ 32   2   4   2]
 [  2  32 128   4]
 [ 32  16   8   4]]
Move.RIGHT
[[  2   4   8   2]
 [ 32   2   4   2]
 [  2  32 128   4]
 [ 32  16   8   4]]
Move.RIGHT
[[  2   4   8   2]
 [ 32   2   4   2]
 [  2  32 128   4]
 [ 32  16   8   4]]
Move.RIGHT
[[  2   4   8   2]
 [ 32   2   4   2]
 [  2  32 128   4]
 [ 32  16   8   4]]
Move.RIGHT
[[  2   4   8   2]
 [ 32   2   4   2]
 [  2  32 128   4]
 [ 32  16   8   4]]
Move.RIGHT
[[  2   4   8   2]
 [ 32   2   4   2]
 [  2  32 128   4]
 [ 32  16   8   4]]
Move.RIGHT
[[  2   4   8   2]
 [ 32   2   4   2]
 [  2  32 128   4]
 [ 32  16   8   4]]
Move.RIGHT
[[  2   4   8   2]
 [ 32   2   4   2]
 [  2  32 128   4]
 [ 32  16   8   4]]
Move.RIGHT
[[  2   4   8   2]
 [ 32   2   4   2]
 [  2  32 128   4]
 [ 32  16   8   4]]
Move.LEFT
[[  2   4   8   2]
 [ 32   2   4   2]
 [  2  32 128   4]
 [ 32  16   8   4]]
Move.RIGHT
[[  2   4   8   2]
 [ 32   2   4   2]
 [  2  32 128   4]
 [ 32  16   8   4]]
Move.RIGHT
[[  2   4   8   2]
 [ 32   2   4   2]
 [  2  32 128   4]
 [ 32  16   8   4]]
Move.RIGHT
[[  2   4   8   2]
 [ 32   2   4   2]
 [  2  32 128   4]
 [ 32  16   8   4]]
Move.RIGHT
[[  2   4   8   2]
 [ 32   2   4   2]
 [  2  32 128   4]
 [ 32  16   8   4]]
Move.RIGHT
[[  2   4   8   2]
 [ 32   2   4   2]
 [  2  32 128   4]
 [ 32  16   8   4]]
Move.RIGHT
[[  2   4   8   2]
 [ 32   2   4   2]
 [  2  32 128   4]
 [ 32  16   8   4]]
Move.RIGHT
[[  2   4   8   2]
 [ 32   2   4   2]
 [  2  32 128   4]
 [ 32  16   8   4]]
Move.RIGHT
[[  2   4   8   2]
 [ 32   2   4   2]
 [  2  32 128   4]
 [ 32  16   8   4]]
Move.RIGHT
[[  2   4   8   2]
 [ 32   2   4   2]
 [  2  32 128   4]
 [ 32  16   8   4]]
Move.RIGHT
[[  2   4   8   2]
 [ 32   2   4   2]
 [  2  32 128   4]
 [ 32  16   8   4]]
Move.RIGHT
[[  2   4   8   2]
 [ 32   2   4   2]
 [  2  32 128   4]
 [ 32  16   8   4]]
Move.DOWN
[[  2   4   8   2]
 [ 32   2   4   0]
 [  2  32 128   4]
 [ 32  16   8   8]]
Move.RIGHT
[[  2   4   8   2]
 [  0  32   2   4]
 [  2  32 128   4]
 [  2  32  16  16]]
Move.DOWN
[[  0   0   8   0]
 [  2   4   2   2]
 [  2  32 128   8]
 [  4  64  16  16]]
Move.RIGHT
[[  0   0   0   8]
 [  2   2   4   4]
 [  2  32 128   8]
 [  0   4  64  32]]
Move.DOWN
[[  0   2   0   8]
 [  0   2   4   4]
 [  0  32 128   8]
 [  4   4  64  32]]
Move.DOWN
[[  0   0   0   8]
 [  0   4   4   4]
 [  2  32 128   8]
 [  4   4  64  32]]
Move.DOWN
[[  0   2   0   8]
 [  0   4   4   4]
 [  2  32 128   8]
 [  4   4  64  32]]
Move.DOWN
[[  0   2   2   8]
 [  0   4   4   4]
 [  2  32 128   8]
 [  4   4  64  32]]
Move.DOWN
[[  2   2   2   8]
 [  0   4   4   4]
 [  2  32 128   8]
 [  4   4  64  32]]
Move.DOWN
[[  0   2   2   8]
 [  2   4   4   4]
 [  4  32 128   8]
 [  4   4  64  32]]
Move.DOWN
[[  0   2   2   8]
 [  2   4   4   4]
 [  2  32 128   8]
 [  8   4  64  32]]
Move.DOWN
[[  0   2   2   8]
 [  2   4   4   4]
 [  4  32 128   8]
 [  8   4  64  32]]
Move.DOWN
[[  2   2   2   8]
 [  2   4   4   4]
 [  4  32 128   8]
 [  8   4  64  32]]
Move.DOWN
[[  0   2   2   8]
 [  2   4   4   4]
 [  4  32 128   8]
 [  8   4  64  32]]
Move.DOWN
[[  0   2   2   8]
 [  2   4   4   4]
 [  4  32 128   2]
 [  8   4  64  32]]
Move.DOWN
[[  0   2   2   8]
 [  2   4   4   4]
 [  4   2 128   2]
 [  8   4  64  32]]
Move.DOWN
[[  0   2   2   8]
 [  2   4   4   4]
 [  4   2 128   2]
 [  8   4  64  32]]
Move.DOWN
[[  2   2   2   8]
 [  2   4   4   4]
 [  4   2 128   2]
 [  8   4  64  32]]
Move.DOWN
[[  0   2   2   2]
 [  4   4   4   4]
 [  4   2 128   2]
 [  8   4  64  32]]
Move.DOWN
[[  0   2   2   2]
 [  2   4   4   4]
 [  8   2 128   2]
 [  8   4  64  32]]
Move.DOWN
[[  0   2   2   2]
 [  2   4   4   4]
 [  2   2 128   2]
 [ 16   4  64  32]]
Move.DOWN
[[  0   2   2   2]
 [  2   4   4   4]
 [  4   2 128   2]
 [ 16   4  64  32]]
Move.DOWN
[[  2   2   2   2]
 [  2   4   4   4]
 [  4   2 128   2]
 [ 16   4  64  32]]
Move.DOWN
[[  2   2   2   2]
 [  4   4   4   4]
 [  4   2 128   2]
 [ 16   4  64  32]]
Move.DOWN
[[  2   2   2   2]
 [  2   4   4   4]
 [  8   2 128   2]
 [ 16   4  64  32]]
Move.DOWN
[[  2   2   2   2]
 [  4   4   4   4]
 [  8   2 128   2]
 [ 16   4  64  32]]
Move.DOWN
[[  2   2   2   2]
 [  4   4   4   4]
 [  8   2 128   2]
 [ 16   4  64  32]]
Move.DOWN
[[  2   2   2   2]
 [  4   4   4   4]
 [  8   2 128   2]
 [ 16   4  64  32]]
Move.DOWN
[[  2   2   2   2]
 [  4   4   4   4]
 [  8   2 128   2]
 [ 16   4  64  32]]
Move.DOWN
[[  2   2   2   2]
 [  4   4   4   4]
 [  8   2 128   2]
 [ 16   4  64  32]]
Move.DOWN
[[  2   2   2   2]
 [  4   4   4   4]
 [  8   2 128   2]
 [ 16   4  64  32]]
Move.DOWN
[[  2   2   2   2]
 [  4   4   4   4]
 [  8   2 128   2]
 [ 16   4  64  32]]
Move.DOWN
[[  2   2   2   2]
 [  4   4   4   4]
 [  8   2 128   2]
 [ 16   4  64  32]]
Move.DOWN
[[  2   2   2   2]
 [  4   4   4   4]
 [  8   2 128   2]
 [ 16   4  64  32]]
Move.DOWN
[[  2   2   2   2]
 [  4   4   4   4]
 [  8   2 128   2]
 [ 16   4  64  32]]
Move.DOWN
[[  2   2   2   2]
 [  4   4   4   4]
 [  8   2 128   2]
 [ 16   4  64  32]]
Move.DOWN
[[  2   2   2   2]
 [  4   4   4   4]
 [  8   2 128   2]
 [ 16   4  64  32]]
Move.DOWN
[[  2   2   2   2]
 [  4   4   4   4]
 [  8   2 128   2]
 [ 16   4  64  32]]
Move.DOWN
[[  2   2   2   2]
 [  4   4   4   4]
 [  8   2 128   2]
 [ 16   4  64  32]]
Move.DOWN
[[  2   2   2   2]
 [  4   4   4   4]
 [  8   2 128   2]
 [ 16   4  64  32]]
Move.DOWN
[[  2   2   2   2]
 [  4   4   4   4]
 [  8   2 128   2]
 [ 16   4  64  32]]
Move.DOWN
[[  2   2   2   2]
 [  4   4   4   4]
 [  8   2 128   2]
 [ 16   4  64  32]]
Move.DOWN
[[  2   2   2   2]
 [  4   4   4   4]
 [  8   2 128   2]
 [ 16   4  64  32]]
Move.DOWN
[[  2   2   2   2]
 [  4   4   4   4]
 [  8   2 128   2]
 [ 16   4  64  32]]
Move.DOWN
[[  2   2   2   2]
 [  4   4   4   4]
 [  8   2 128   2]
 [ 16   4  64  32]]
Move.DOWN
[[  2   2   2   2]
 [  4   4   4   4]
 [  8   2 128   2]
 [ 16   4  64  32]]
Move.DOWN
[[  2   2   2   2]
 [  4   4   4   4]
 [  8   2 128   2]
 [ 16   4  64  32]]
Move.RIGHT
[[  2   0   4   4]
 [  0   0   8   8]
 [  8   2 128   2]
 [ 16   4  64  32]]
Move.DOWN
[[  0   2   4   4]
 [  2   0   8   8]
 [  8   2 128   2]
 [ 16   4  64  32]]
Move.DOWN
[[  0   2   4   4]
 [  2   0   8   8]
 [  8   4 128   2]
 [ 16   4  64  32]]
Move.DOWN
[[  0   2   4   4]
 [  2   0   8   8]
 [  8   2 128   2]
 [ 16   8  64  32]]
Move.DOWN
[[  0   2   4   4]
 [  2   0   8   8]
 [  8   4 128   2]
 [ 16   8  64  32]]
Move.DOWN
[[  0   0   4   4]
 [  2   2   8   8]
 [  8   4 128   2]
 [ 16   8  64  32]]
Move.DOWN
[[  2   0   4   4]
 [  2   2   8   8]
 [  8   4 128   2]
 [ 16   8  64  32]]
Move.DOWN
[[  0   2   4   4]
 [  4   2   8   8]
 [  8   4 128   2]
 [ 16   8  64  32]]
Move.DOWN
[[  2   0   4   4]
 [  4   4   8   8]
 [  8   4 128   2]
 [ 16   8  64  32]]
Move.DOWN
[[  2   2   4   4]
 [  4   0   8   8]
 [  8   8 128   2]
 [ 16   8  64  32]]
Move.DOWN
[[  2   2   4   4]
 [  4   0   8   8]
 [  8   2 128   2]
 [ 16  16  64  32]]
Move.DOWN
[[  2   0   4   4]
 [  4   0   8   8]
 [  8   4 128   2]
 [ 16  16   2  32]]
Move.UP
[[  2   4   4   4]
 [  4  16   8   8]
 [  8   0 128   2]
 [ 16   2   2  32]]
Move.UP
[[  2   4   4   4]
 [  4  16   2   8]
 [  8   2 128   2]
 [ 16   0   2  32]]
Move.UP
[[  2   4   4   4]
 [  4  16   2   8]
 [  8   2 128   2]
 [ 16   2   2  32]]
Move.UP
[[  2   4   4   4]
 [  4  16   2   8]
 [  8   4 128   2]
 [ 16   2   2  32]]
Move.RIGHT
[[  0   2   4   8]
 [  4  16   2   8]
 [  8   4 128   2]
 [  2  16   4  32]]
Move.RIGHT
[[  0   2   4   8]
 [  4  16   2   8]
 [  2   4 128   2]
 [  2  16   4  32]]
Move.UP
[[  4   2   4  16]
 [  4  16   2   2]
 [  0   4 128  32]
 [  0  16   4   2]]
Move.RIGHT
[[  4   2   4  16]
 [  2   4  16   4]
 [  0   4 128  32]
 [  0  16   4   2]]
Move.DOWN
[[  0   0   4  16]
 [  2   2  16   4]
 [  4   8 128  32]
 [  2  16   4   2]]
Move.DOWN
[[  2   0   4  16]
 [  2   2  16   4]
 [  4   8 128  32]
 [  2  16   4   2]]
Move.DOWN
[[  0   2   4  16]
 [  4   2  16   4]
 [  4   8 128  32]
 [  2  16   4   2]]
Move.DOWN
[[  2   0   4  16]
 [  0   4  16   4]
 [  8   8 128  32]
 [  2  16   4   2]]
Move.DOWN
[[  2   0   4  16]
 [  2   4  16   4]
 [  8   8 128  32]
 [  2  16   4   2]]
Move.DOWN
[[  0   2   4  16]
 [  4   4  16   4]
 [  8   8 128  32]
 [  2  16   4   2]]
Move.DOWN
[[  2   2   4  16]
 [  4   4  16   4]
 [  8   8 128  32]
 [  2  16   4   2]]
Move.DOWN
[[  2   2   4  16]
 [  4   4  16   4]
 [  8   8 128  32]
 [  2  16   4   2]]
Move.DOWN
[[  2   2   4  16]
 [  4   4  16   4]
 [  8   8 128  32]
 [  2  16   4   2]]
Move.DOWN
[[  2   2   4  16]
 [  4   4  16   4]
 [  8   8 128  32]
 [  2  16   4   2]]
Move.DOWN
[[  2   2   4  16]
 [  4   4  16   4]
 [  8   8 128  32]
 [  2  16   4   2]]
Move.DOWN
[[  2   2   4  16]
 [  4   4  16   4]
 [  8   8 128  32]
 [  2  16   4   2]]
Move.DOWN
[[  2   2   4  16]
 [  4   4  16   4]
 [  8   8 128  32]
 [  2  16   4   2]]
Move.DOWN
[[  2   2   4  16]
 [  4   4  16   4]
 [  8   8 128  32]
 [  2  16   4   2]]
Move.DOWN
[[  2   2   4  16]
 [  4   4  16   4]
 [  8   8 128  32]
 [  2  16   4   2]]
Move.DOWN
[[  2   2   4  16]
 [  4   4  16   4]
 [  8   8 128  32]
 [  2  16   4   2]]
Move.DOWN
[[  2   2   4  16]
 [  4   4  16   4]
 [  8   8 128  32]
 [  2  16   4   2]]
Move.DOWN
[[  2   2   4  16]
 [  4   4  16   4]
 [  8   8 128  32]
 [  2  16   4   2]]
Move.DOWN
[[  2   2   4  16]
 [  4   4  16   4]
 [  8   8 128  32]
 [  2  16   4   2]]
Move.LEFT
[[  4   4  16   2]
 [  8  16   4   0]
 [ 16 128  32   0]
 [  2  16   4   2]]
Move.DOWN
[[  4   4  16   2]
 [  8  16   4   0]
 [ 16 128  32   0]
 [  2  16   4   4]]
Move.DOWN
[[  4   4  16   0]
 [  8  16   4   0]
 [ 16 128  32   2]
 [  2  16   2   4]]
Move.DOWN
[[  4   4  16   2]
 [  8  16   4   0]
 [ 16 128  32   2]
 [  2  16   2   4]]
Move.DOWN
[[  4   4  16   0]
 [  8  16   4   2]
 [ 16 128  32   4]
 [  2  16   2   4]]
Move.DOWN
[[  4   4  16   2]
 [  8  16   4   0]
 [ 16 128  32   2]
 [  2  16   2   8]]
Move.DOWN
[[  4   4  16   2]
 [  8  16   4   0]
 [ 16 128  32   4]
 [  2  16   2   8]]
Move.RIGHT
[[  2   8  16   2]
 [  0   8  16   4]
 [ 16 128  32   4]
 [  2  16   2   8]]
Move.DOWN
[[  0   2   0   0]
 [  2  16  32   2]
 [ 16 128  32   8]
 [  2  16   2   8]]
Move.LEFT
[[  2   0   0   2]
 [  2  16  32   2]
 [ 16 128  32   8]
 [  2  16   2   8]]
Move.LEFT
[[  4   2   0   0]
 [  2  16  32   2]
 [ 16 128  32   8]
 [  2  16   2   8]]
Move.DOWN
[[  4   2   2   0]
 [  2  16   0   0]
 [ 16 128  64   2]
 [  2  16   2  16]]
Move.DOWN
[[  4   2   0   0]
 [  2  16   2   2]
 [ 16 128  64   2]
 [  2  16   2  16]]
Move.DOWN
[[  4   2   0   0]
 [  2  16   2   2]
 [ 16 128  64   4]
 [  2  16   2  16]]
Move.DOWN
[[  4   2   2   0]
 [  2  16   2   2]
 [ 16 128  64   4]
 [  2  16   2  16]]
Move.DOWN
[[  4   2   0   2]
 [  2  16   4   2]
 [ 16 128  64   4]
 [  2  16   2  16]]
Move.DOWN
[[  4   2   0   2]
 [  2  16   4   4]
 [ 16 128  64   4]
 [  2  16   2  16]]
Move.DOWN
[[  4   2   0   2]
 [  2  16   4   2]
 [ 16 128  64   8]
 [  2  16   2  16]]
Move.DOWN
[[  4   2   0   2]
 [  2  16   4   4]
 [ 16 128  64   8]
 [  2  16   2  16]]
Move.DOWN
[[  4   2   0   2]
 [  2  16   4   4]
 [ 16 128   2   8]
 [  2  16   2  16]]
Move.DOWN
[[  4   2   0   2]
 [  2  16   0   4]
 [ 16 128   4   8]
 [  2  16   4  16]]
Move.DOWN
[[  4   2   0   2]
 [  2  16   0   4]
 [ 16 128   2   8]
 [  2  16   8  16]]
Move.DOWN
[[  4   2   0   2]
 [  2  16   2   4]
 [ 16 128   2   8]
 [  2  16   8  16]]
Move.DOWN
[[  4   2   2   2]
 [  2  16   0   4]
 [ 16 128   4   8]
 [  2  16   8  16]]
Move.DOWN
[[  4   2   2   2]
 [  2  16   2   4]
 [ 16 128   4   8]
 [  2  16   8  16]]
Move.DOWN
[[  4   2   2   2]
 [  2  16   4   4]
 [ 16 128   4   8]
 [  2  16   8  16]]
Move.DOWN
[[  4   2   2   2]
 [  2  16   2   4]
 [ 16 128   8   8]
 [  2  16   8  16]]
Move.DOWN
[[  4   2   2   2]
 [  2  16   0   4]
 [ 16 128   4   8]
 [  2  16  16  16]]
Move.DOWN
[[  4   2   2   2]
 [  2  16   2   4]
 [ 16 128   4   8]
 [  2  16  16  16]]
Move.DOWN
[[  4   2   2   2]
 [  2  16   4   4]
 [ 16 128   4   8]
 [  2  16  16  16]]
Move.DOWN
[[  4   2   2   2]
 [  2  16   2   4]
 [ 16 128   8   8]
 [  2  16  16  16]]
Move.DOWN
[[  4   2   0   2]
 [  2  16   4   4]
 [ 16 128   8   8]
 [  2  16  16  16]]
Move.DOWN
[[  4   2   2   2]
 [  2  16   4   4]
 [ 16 128   8   8]
 [  2  16  16  16]]
Move.RIGHT
[[  0   4   2   4]
 [  0   2  16   8]
 [  0  16 128  16]
 [  2   2  16  32]]
Move.LEFT
[[  4   2   4   0]
 [  2  16   8   2]
 [ 16 128  16   0]
 [  4  16  32   0]]
Move.DOWN
[[  4   2   4   0]
 [  2  16   8   0]
 [  2 128  16   0]
 [  4  16  32   2]]
Move.DOWN
[[  0   2   4   0]
 [  4  16   8   2]
 [  4 128  16   0]
 [  4  16  32   2]]
Move.DOWN
[[  0   2   4   0]
 [  0  16   8   0]
 [  4 128  16   2]
 [  8  16  32   4]]
Move.DOWN
[[  0   2   4   0]
 [  2  16   8   0]
 [  4 128  16   2]
 [  8  16  32   4]]
Move.DOWN
[[  0   2   4   0]
 [  2  16   8   2]
 [  4 128  16   2]
 [  8  16  32   4]]
Move.DOWN
[[  2   2   4   0]
 [  2  16   8   0]
 [  4 128  16   4]
 [  8  16  32   4]]
Move.DOWN
[[  2   2   4   0]
 [  4  16   8   0]
 [  4 128  16   0]
 [  8  16  32   8]]
Move.DOWN
[[  0   2   4   0]
 [  2  16   8   2]
 [  8 128  16   0]
 [  8  16  32   8]]
Move.DOWN
[[  0   2   4   2]
 [  0  16   8   0]
 [  2 128  16   2]
 [ 16  16  32   8]]
Move.UP
[[  2   2   4   4]
 [ 16  16   8   8]
 [  0 128  16   0]
 [  0  16  32   2]]
Move.DOWN
[[  0   2   4   2]
 [  0  16   8   4]
 [  2 128  16   8]
 [ 16  16  32   2]]
Move.UP
[[  2   2   4   2]
 [ 16  16   8   4]
 [  0 128  16   8]
 [  2  16  32   2]]
Move.DOWN
[[  0   2   4   2]
 [  2  16   8   4]
 [ 16 128  16   8]
 [  2   2  32   2]]
Move.RIGHT
[[  0   2   4   2]
 [  2  16   8   4]
 [ 16 128  16   8]
 [  0   4  32   2]]
Move.RIGHT
[[  0   2   4   2]
 [  2  16   8   4]
 [ 16 128  16   8]
 [  2   4  32   2]]
Move.RIGHT
[[  2   2   4   2]
 [  2  16   8   4]
 [ 16 128  16   8]
 [  2   4  32   2]]
Move.RIGHT
[[  2   4   4   2]
 [  2  16   8   4]
 [ 16 128  16   8]
 [  2   4  32   2]]
Move.RIGHT
[[  2   2   8   2]
 [  2  16   8   4]
 [ 16 128  16   8]
 [  2   4  32   2]]
Move.RIGHT
[[  2   4   8   2]
 [  2  16   8   4]
 [ 16 128  16   8]
 [  2   4  32   2]]
Move.RIGHT
[[  2   4   8   2]
 [  2  16   8   4]
 [ 16 128  16   8]
 [  2   4  32   2]]
Move.RIGHT
[[  2   4   8   2]
 [  2  16   8   4]
 [ 16 128  16   8]
 [  2   4  32   2]]
Move.RIGHT
[[  2   4   8   2]
 [  2  16   8   4]
 [ 16 128  16   8]
 [  2   4  32   2]]
Move.RIGHT
[[  2   4   8   2]
 [  2  16   8   4]
 [ 16 128  16   8]
 [  2   4  32   2]]
Move.RIGHT
[[  2   4   8   2]
 [  2  16   8   4]
 [ 16 128  16   8]
 [  2   4  32   2]]
Move.RIGHT
[[  2   4   8   2]
 [  2  16   8   4]
 [ 16 128  16   8]
 [  2   4  32   2]]
Move.RIGHT
[[  2   4   8   2]
 [  2  16   8   4]
 [ 16 128  16   8]
 [  2   4  32   2]]
Move.RIGHT
[[  2   4   8   2]
 [  2  16   8   4]
 [ 16 128  16   8]
 [  2   4  32   2]]
Move.RIGHT
[[  2   4   8   2]
 [  2  16   8   4]
 [ 16 128  16   8]
 [  2   4  32   2]]
Move.RIGHT
[[  2   4   8   2]
 [  2  16   8   4]
 [ 16 128  16   8]
 [  2   4  32   2]]
Move.RIGHT
[[  2   4   8   2]
 [  2  16   8   4]
 [ 16 128  16   8]
 [  2   4  32   2]]
Move.RIGHT
[[  2   4   8   2]
 [  2  16   8   4]
 [ 16 128  16   8]
 [  2   4  32   2]]
Move.RIGHT
[[  2   4   8   2]
 [  2  16   8   4]
 [ 16 128  16   8]
 [  2   4  32   2]]
Move.RIGHT
[[  2   4   8   2]
 [  2  16   8   4]
 [ 16 128  16   8]
 [  2   4  32   2]]
Move.RIGHT
[[  2   4   8   2]
 [  2  16   8   4]
 [ 16 128  16   8]
 [  2   4  32   2]]
Move.RIGHT
[[  2   4   8   2]
 [  2  16   8   4]
 [ 16 128  16   8]
 [  2   4  32   2]]
Move.RIGHT
[[  2   4   8   2]
 [  2  16   8   4]
 [ 16 128  16   8]
 [  2   4  32   2]]
Move.RIGHT
[[  2   4   8   2]
 [  2  16   8   4]
 [ 16 128  16   8]
 [  2   4  32   2]]
Move.RIGHT
[[  2   4   8   2]
 [  2  16   8   4]
 [ 16 128  16   8]
 [  2   4  32   2]]
Move.RIGHT
[[  2   4   8   2]
 [  2  16   8   4]
 [ 16 128  16   8]
 [  2   4  32   2]]
Move.DOWN
[[  2   4   0   2]
 [  4  16  16   4]
 [ 16 128  16   8]
 [  2   4  32   2]]
Move.RIGHT
[[  0   2   4   2]
 [  2   4  32   4]
 [ 16 128  16   8]
 [  2   4  32   2]]
Move.UP
[[  2   2   4   2]
 [ 16   4  32   4]
 [  2 128   2   8]
 [  0   4  32   2]]
Move.UP
[[  2   2   4   2]
 [ 16   4  32   4]
 [  2 128   2   8]
 [  0   4  32   2]]
Move.UP
[[  2   2   4   2]
 [ 16   2  32   4]
 [  2 128   2   8]
 [  0   4  32   2]]
Move.UP
[[ 2  4  4  2]
 [16  2 32  4]
 [ 2  4  2  8]
 [ 0  0 32  2]]
Move.DOWN
[[ 0  2  4  2]
 [ 2  4 32  4]
 [16  2  2  8]
 [ 2  4 32  2]]
Move.LEFT
[[ 2  4  2  2]
 [ 2  4 32  4]
 [16  4  8  0]
 [ 2  4 32  2]]
Move.DOWN
[[ 0  0  2  2]
 [ 4  0 32  2]
 [16  8  8  4]
 [ 2  8 32  2]]
Move.LEFT
[[ 4  2  0  0]
 [ 4 32  2  0]
 [16 16  4  0]
 [ 2  8 32  2]]
Move.DOWN
[[ 2  2  0  0]
 [ 8 32  2  0]
 [16 16  4  0]
 [ 2  8 32  2]]
Move.DOWN
[[ 2  2  2  0]
 [ 8 32  2  0]
 [16 16  4  0]
 [ 2  8 32  2]]
Move.DOWN
[[ 2  2  0  0]
 [ 8 32  4  2]
 [16 16  4  0]
 [ 2  8 32  2]]
Move.DOWN
[[ 2  2  0  0]
 [ 8 32  0  2]
 [16 16  8  0]
 [ 2  8 32  4]]
Move.DOWN
[[ 2  2  0  0]
 [ 8 32  2  0]
 [16 16  8  2]
 [ 2  8 32  4]]
Move.DOWN
[[ 2  2  0  0]
 [ 8 32  2  2]
 [16 16  8  2]
 [ 2  8 32  4]]
Move.RIGHT
[[ 2  0  0  4]
 [ 0  8 32  4]
 [ 0 32  8  2]
 [ 2  8 32  4]]
Move.RIGHT
[[ 2  0  2  4]
 [ 0  8 32  4]
 [ 0 32  8  2]
 [ 2  8 32  4]]
Move.RIGHT
[[ 0  0  4  4]
 [ 2  8 32  4]
 [ 0 32  8  2]
 [ 2  8 32  4]]
Move.RIGHT
[[ 0  0  2  8]
 [ 2  8 32  4]
 [ 0 32  8  2]
 [ 2  8 32  4]]
Move.RIGHT
[[ 0  2  2  8]
 [ 2  8 32  4]
 [ 0 32  8  2]
 [ 2  8 32  4]]
Move.RIGHT
[[ 2  0  4  8]
 [ 2  8 32  4]
 [ 0 32  8  2]
 [ 2  8 32  4]]
Move.RIGHT
[[ 2  2  4  8]
 [ 2  8 32  4]
 [ 0 32  8  2]
 [ 2  8 32  4]]
Move.RIGHT
[[ 0  4  4  8]
 [ 2  8 32  4]
 [ 2 32  8  2]
 [ 2  8 32  4]]
Move.RIGHT
[[ 0  0  8  8]
 [ 2  8 32  4]
 [ 2 32  8  2]
 [ 2  8 32  4]]
Move.LEFT
[[16  0  2  0]
 [ 2  8 32  4]
 [ 2 32  8  2]
 [ 2  8 32  4]]
Move.DOWN
[[ 2  0  2  0]
 [16  8 32  4]
 [ 2 32  8  2]
 [ 4  8 32  4]]
Move.RIGHT
[[ 0  2  0  4]
 [16  8 32  4]
 [ 2 32  8  2]
 [ 4  8 32  4]]
Move.DOWN
[[ 0  2  0  2]
 [16  8 32  8]
 [ 2 32  8  2]
 [ 4  8 32  4]]
Move.LEFT
[[ 4  0  2  0]
 [16  8 32  8]
 [ 2 32  8  2]
 [ 4  8 32  4]]
Move.DOWN
[[ 4  2  2  0]
 [16  8 32  8]
 [ 2 32  8  2]
 [ 4  8 32  4]]
Move.DOWN
[[ 4  2  2  2]
 [16  8 32  8]
 [ 2 32  8  2]
 [ 4  8 32  4]]
Move.DOWN
[[ 4  2  2  2]
 [16  8 32  8]
 [ 2 32  8  2]
 [ 4  8 32  4]]
Move.DOWN
[[ 4  2  2  2]
 [16  8 32  8]
 [ 2 32  8  2]
 [ 4  8 32  4]]
Move.DOWN
[[ 4  2  2  2]
 [16  8 32  8]
 [ 2 32  8  2]
 [ 4  8 32  4]]
Move.DOWN
[[ 4  2  2  2]
 [16  8 32  8]
 [ 2 32  8  2]
 [ 4  8 32  4]]
Move.DOWN
[[ 4  2  2  2]
 [16  8 32  8]
 [ 2 32  8  2]
 [ 4  8 32  4]]
Move.DOWN
[[ 4  2  2  2]
 [16  8 32  8]
 [ 2 32  8  2]
 [ 4  8 32  4]]
Move.DOWN
[[ 4  2  2  2]
 [16  8 32  8]
 [ 2 32  8  2]
 [ 4  8 32  4]]
Move.DOWN
[[ 4  2  2  2]
 [16  8 32  8]
 [ 2 32  8  2]
 [ 4  8 32  4]]
Move.DOWN
[[ 4  2  2  2]
 [16  8 32  8]
 [ 2 32  8  2]
 [ 4  8 32  4]]
Move.DOWN
[[ 4  2  2  2]
 [16  8 32  8]
 [ 2 32  8  2]
 [ 4  8 32  4]]
Move.DOWN
[[ 4  2  2  2]
 [16  8 32  8]
 [ 2 32  8  2]
 [ 4  8 32  4]]
Move.DOWN
[[ 4  2  2  2]
 [16  8 32  8]
 [ 2 32  8  2]
 [ 4  8 32  4]]
Move.DOWN
[[ 4  2  2  2]
 [16  8 32  8]
 [ 2 32  8  2]
 [ 4  8 32  4]]
Move.DOWN
[[ 4  2  2  2]
 [16  8 32  8]
 [ 2 32  8  2]
 [ 4  8 32  4]]
Move.DOWN
[[ 4  2  2  2]
 [16  8 32  8]
 [ 2 32  8  2]
 [ 4  8 32  4]]
Move.DOWN
[[ 4  2  2  2]
 [16  8 32  8]
 [ 2 32  8  2]
 [ 4  8 32  4]]
Move.DOWN
[[ 4  2  2  2]
 [16  8 32  8]
 [ 2 32  8  2]
 [ 4  8 32  4]]
Move.DOWN
[[ 4  2  2  2]
 [16  8 32  8]
 [ 2 32  8  2]
 [ 4  8 32  4]]
Move.DOWN
[[ 4  2  2  2]
 [16  8 32  8]
 [ 2 32  8  2]
 [ 4  8 32  4]]
Move.DOWN
[[ 4  2  2  2]
 [16  8 32  8]
 [ 2 32  8  2]
 [ 4  8 32  4]]
Move.DOWN
[[ 4  2  2  2]
 [16  8 32  8]
 [ 2 32  8  2]
 [ 4  8 32  4]]
Move.DOWN
[[ 4  2  2  2]
 [16  8 32  8]
 [ 2 32  8  2]
 [ 4  8 32  4]]
Move.DOWN
[[ 4  2  2  2]
 [16  8 32  8]
 [ 2 32  8  2]
 [ 4  8 32  4]]
Move.DOWN
[[ 4  2  2  2]
 [16  8 32  8]
 [ 2 32  8  2]
 [ 4  8 32  4]]
Move.DOWN
[[ 4  2  2  2]
 [16  8 32  8]
 [ 2 32  8  2]
 [ 4  8 32  4]]
Move.DOWN
[[ 4  2  2  2]
 [16  8 32  8]
 [ 2 32  8  2]
 [ 4  8 32  4]]
Move.DOWN
[[ 4  2  2  2]
 [16  8 32  8]
 [ 2 32  8  2]
 [ 4  8 32  4]]
Move.DOWN
[[ 4  2  2  2]
 [16  8 32  8]
 [ 2 32  8  2]
 [ 4  8 32  4]]
Move.DOWN
[[ 4  2  2  2]
 [16  8 32  8]
 [ 2 32  8  2]
 [ 4  8 32  4]]
Move.DOWN
[[ 4  2  2  2]
 [16  8 32  8]
 [ 2 32  8  2]
 [ 4  8 32  4]]
Move.UP
[[ 4  2  2  2]
 [16  8 32  8]
 [ 2 32  8  2]
 [ 4  8 32  4]]
Move.DOWN
[[ 4  2  2  2]
 [16  8 32  8]
 [ 2 32  8  2]
 [ 4  8 32  4]]
Move.DOWN
[[ 4  2  2  2]
 [16  8 32  8]
 [ 2 32  8  2]
 [ 4  8 32  4]]
Move.DOWN
[[ 4  2  2  2]
 [16  8 32  8]
 [ 2 32  8  2]
 [ 4  8 32  4]]
Move.DOWN
[[ 4  2  2  2]
 [16  8 32  8]
 [ 2 32  8  2]
 [ 4  8 32  4]]
Move.DOWN
[[ 4  2  2  2]
 [16  8 32  8]
 [ 2 32  8  2]
 [ 4  8 32  4]]
Move.DOWN
[[ 4  2  2  2]
 [16  8 32  8]
 [ 2 32  8  2]
 [ 4  8 32  4]]
Move.DOWN
[[ 4  2  2  2]
 [16  8 32  8]
 [ 2 32  8  2]
 [ 4  8 32  4]]
Move.DOWN
[[ 4  2  2  2]
 [16  8 32  8]
 [ 2 32  8  2]
 [ 4  8 32  4]]
Move.DOWN
[[ 4  2  2  2]
 [16  8 32  8]
 [ 2 32  8  2]
 [ 4  8 32  4]]
Move.DOWN
[[ 4  2  2  2]
 [16  8 32  8]
 [ 2 32  8  2]
 [ 4  8 32  4]]
Move.DOWN
[[ 4  2  2  2]
 [16  8 32  8]
 [ 2 32  8  2]
 [ 4  8 32  4]]
Move.DOWN
[[ 4  2  2  2]
 [16  8 32  8]
 [ 2 32  8  2]
 [ 4  8 32  4]]
Move.DOWN
[[ 4  2  2  2]
 [16  8 32  8]
 [ 2 32  8  2]
 [ 4  8 32  4]]
Move.DOWN
[[ 4  2  2  2]
 [16  8 32  8]
 [ 2 32  8  2]
 [ 4  8 32  4]]
Move.DOWN
[[ 4  2  2  2]
 [16  8 32  8]
 [ 2 32  8  2]
 [ 4  8 32  4]]
Move.DOWN
[[ 4  2  2  2]
 [16  8 32  8]
 [ 2 32  8  2]
 [ 4  8 32  4]]
Move.DOWN
[[ 4  2  2  2]
 [16  8 32  8]
 [ 2 32  8  2]
 [ 4  8 32  4]]
Move.DOWN
[[ 4  2  2  2]
 [16  8 32  8]
 [ 2 32  8  2]
 [ 4  8 32  4]]
Move.DOWN
[[ 4  2  2  2]
 [16  8 32  8]
 [ 2 32  8  2]
 [ 4  8 32  4]]
Move.DOWN
[[ 4  2  2  2]
 [16  8 32  8]
 [ 2 32  8  2]
 [ 4  8 32  4]]
Move.DOWN
[[ 4  2  2  2]
 [16  8 32  8]
 [ 2 32  8  2]
 [ 4  8 32  4]]
Move.DOWN
[[ 4  2  2  2]
 [16  8 32  8]
 [ 2 32  8  2]
 [ 4  8 32  4]]
Move.DOWN
[[ 4  2  2  2]
 [16  8 32  8]
 [ 2 32  8  2]
 [ 4  8 32  4]]
Move.DOWN
[[ 4  2  2  2]
 [16  8 32  8]
 [ 2 32  8  2]
 [ 4  8 32  4]]
Move.DOWN
[[ 4  2  2  2]
 [16  8 32  8]
 [ 2 32  8  2]
 [ 4  8 32  4]]
Move.DOWN
[[ 4  2  2  2]
 [16  8 32  8]
 [ 2 32  8  2]
 [ 4  8 32  4]]
Move.DOWN
[[ 4  2  2  2]
 [16  8 32  8]
 [ 2 32  8  2]
 [ 4  8 32  4]]
Move.DOWN
[[ 4  2  2  2]
 [16  8 32  8]
 [ 2 32  8  2]
 [ 4  8 32  4]]
Move.DOWN
[[ 4  2  2  2]
 [16  8 32  8]
 [ 2 32  8  2]
 [ 4  8 32  4]]
Move.DOWN
[[ 4  2  2  2]
 [16  8 32  8]
 [ 2 32  8  2]
 [ 4  8 32  4]]
Move.DOWN
[[ 4  2  2  2]
 [16  8 32  8]
 [ 2 32  8  2]
 [ 4  8 32  4]]
Move.DOWN
[[ 4  2  2  2]
 [16  8 32  8]
 [ 2 32  8  2]
 [ 4  8 32  4]]
Move.DOWN
[[ 4  2  2  2]
 [16  8 32  8]
 [ 2 32  8  2]
 [ 4  8 32  4]]
Move.DOWN
[[ 4  2  2  2]
 [16  8 32  8]
 [ 2 32  8  2]
 [ 4  8 32  4]]
Move.DOWN
[[ 4  2  2  2]
 [16  8 32  8]
 [ 2 32  8  2]
 [ 4  8 32  4]]
Move.DOWN
[[ 4  2  2  2]
 [16  8 32  8]
 [ 2 32  8  2]
 [ 4  8 32  4]]
Move.DOWN
[[ 4  2  2  2]
 [16  8 32  8]
 [ 2 32  8  2]
 [ 4  8 32  4]]
Move.DOWN
[[ 4  2  2  2]
 [16  8 32  8]
 [ 2 32  8  2]
 [ 4  8 32  4]]
Move.DOWN
[[ 4  2  2  2]
 [16  8 32  8]
 [ 2 32  8  2]
 [ 4  8 32  4]]
Move.DOWN
[[ 4  2  2  2]
 [16  8 32  8]
 [ 2 32  8  2]
 [ 4  8 32  4]]
Move.DOWN
[[ 4  2  2  2]
 [16  8 32  8]
 [ 2 32  8  2]
 [ 4  8 32  4]]
Move.DOWN
[[ 4  2  2  2]
 [16  8 32  8]
 [ 2 32  8  2]
 [ 4  8 32  4]]
Move.DOWN
[[ 4  2  2  2]
 [16  8 32  8]
 [ 2 32  8  2]
 [ 4  8 32  4]]
Move.DOWN
[[ 4  2  2  2]
 [16  8 32  8]
 [ 2 32  8  2]
 [ 4  8 32  4]]
Move.DOWN
[[ 4  2  2  2]
 [16  8 32  8]
 [ 2 32  8  2]
 [ 4  8 32  4]]
Move.DOWN
[[ 4  2  2  2]
 [16  8 32  8]
 [ 2 32  8  2]
 [ 4  8 32  4]]
Move.DOWN
[[ 4  2  2  2]
 [16  8 32  8]
 [ 2 32  8  2]
 [ 4  8 32  4]]
Move.DOWN
[[ 4  2  2  2]
 [16  8 32  8]
 [ 2 32  8  2]
 [ 4  8 32  4]]
Move.LEFT
[[ 4  4  2  2]
 [16  8 32  8]
 [ 2 32  8  2]
 [ 4  8 32  4]]
Move.DOWN
[[ 4  4  2  2]
 [16  8 32  8]
 [ 2 32  8  2]
 [ 4  8 32  4]]
Move.DOWN
[[ 4  4  2  2]
 [16  8 32  8]
 [ 2 32  8  2]
 [ 4  8 32  4]]
Move.DOWN
[[ 4  4  2  2]
 [16  8 32  8]
 [ 2 32  8  2]
 [ 4  8 32  4]]
Move.DOWN
[[ 4  4  2  2]
 [16  8 32  8]
 [ 2 32  8  2]
 [ 4  8 32  4]]
Move.DOWN
[[ 4  4  2  2]
 [16  8 32  8]
 [ 2 32  8  2]
 [ 4  8 32  4]]
Move.DOWN
[[ 4  4  2  2]
 [16  8 32  8]
 [ 2 32  8  2]
 [ 4  8 32  4]]
Move.DOWN
[[ 4  4  2  2]
 [16  8 32  8]
 [ 2 32  8  2]
 [ 4  8 32  4]]
Move.DOWN
[[ 4  4  2  2]
 [16  8 32  8]
 [ 2 32  8  2]
 [ 4  8 32  4]]
Move.DOWN
[[ 4  4  2  2]
 [16  8 32  8]
 [ 2 32  8  2]
 [ 4  8 32  4]]
Move.DOWN
[[ 4  4  2  2]
 [16  8 32  8]
 [ 2 32  8  2]
 [ 4  8 32  4]]
Move.DOWN
[[ 4  4  2  2]
 [16  8 32  8]
 [ 2 32  8  2]
 [ 4  8 32  4]]
Move.DOWN
[[ 4  4  2  2]
 [16  8 32  8]
 [ 2 32  8  2]
 [ 4  8 32  4]]
Move.DOWN
[[ 4  4  2  2]
 [16  8 32  8]
 [ 2 32  8  2]
 [ 4  8 32  4]]
Move.DOWN
[[ 4  4  2  2]
 [16  8 32  8]
 [ 2 32  8  2]
 [ 4  8 32  4]]
Move.DOWN
[[ 4  4  2  2]
 [16  8 32  8]
 [ 2 32  8  2]
 [ 4  8 32  4]]
Move.DOWN
[[ 4  4  2  2]
 [16  8 32  8]
 [ 2 32  8  2]
 [ 4  8 32  4]]
Move.DOWN
[[ 4  4  2  2]
 [16  8 32  8]
 [ 2 32  8  2]
 [ 4  8 32  4]]
Move.DOWN
[[ 4  4  2  2]
 [16  8 32  8]
 [ 2 32  8  2]
 [ 4  8 32  4]]
Move.DOWN
[[ 4  4  2  2]
 [16  8 32  8]
 [ 2 32  8  2]
 [ 4  8 32  4]]
Move.DOWN
[[ 4  4  2  2]
 [16  8 32  8]
 [ 2 32  8  2]
 [ 4  8 32  4]]
Move.DOWN
[[ 4  4  2  2]
 [16  8 32  8]
 [ 2 32  8  2]
 [ 4  8 32  4]]
Move.DOWN
[[ 4  4  2  2]
 [16  8 32  8]
 [ 2 32  8  2]
 [ 4  8 32  4]]
Move.DOWN
[[ 4  4  2  2]
 [16  8 32  8]
 [ 2 32  8  2]
 [ 4  8 32  4]]
Move.DOWN
[[ 4  4  2  2]
 [16  8 32  8]
 [ 2 32  8  2]
 [ 4  8 32  4]]
Move.DOWN
[[ 4  4  2  2]
 [16  8 32  8]
 [ 2 32  8  2]
 [ 4  8 32  4]]
Move.DOWN
[[ 4  4  2  2]
 [16  8 32  8]
 [ 2 32  8  2]
 [ 4  8 32  4]]
Move.DOWN
[[ 4  4  2  2]
 [16  8 32  8]
 [ 2 32  8  2]
 [ 4  8 32  4]]
Move.DOWN
[[ 4  4  2  2]
 [16  8 32  8]
 [ 2 32  8  2]
 [ 4  8 32  4]]
Move.DOWN
[[ 4  4  2  2]
 [16  8 32  8]
 [ 2 32  8  2]
 [ 4  8 32  4]]
Move.DOWN
[[ 4  4  2  2]
 [16  8 32  8]
 [ 2 32  8  2]
 [ 4  8 32  4]]
Move.DOWN
[[ 4  4  2  2]
 [16  8 32  8]
 [ 2 32  8  2]
 [ 4  8 32  4]]
Move.DOWN
[[ 4  4  2  2]
 [16  8 32  8]
 [ 2 32  8  2]
 [ 4  8 32  4]]
Move.DOWN
[[ 4  4  2  2]
 [16  8 32  8]
 [ 2 32  8  2]
 [ 4  8 32  4]]
Move.DOWN
[[ 4  4  2  2]
 [16  8 32  8]
 [ 2 32  8  2]
 [ 4  8 32  4]]
Move.DOWN
[[ 4  4  2  2]
 [16  8 32  8]
 [ 2 32  8  2]
 [ 4  8 32  4]]
Move.DOWN
[[ 4  4  2  2]
 [16  8 32  8]
 [ 2 32  8  2]
 [ 4  8 32  4]]
Move.DOWN
[[ 4  4  2  2]
 [16  8 32  8]
 [ 2 32  8  2]
 [ 4  8 32  4]]
Move.DOWN
[[ 4  4  2  2]
 [16  8 32  8]
 [ 2 32  8  2]
 [ 4  8 32  4]]
Move.DOWN
[[ 4  4  2  2]
 [16  8 32  8]
 [ 2 32  8  2]
 [ 4  8 32  4]]
Move.DOWN
[[ 4  4  2  2]
 [16  8 32  8]
 [ 2 32  8  2]
 [ 4  8 32  4]]
Move.DOWN
[[ 4  4  2  2]
 [16  8 32  8]
 [ 2 32  8  2]
 [ 4  8 32  4]]
Move.DOWN
[[ 4  4  2  2]
 [16  8 32  8]
 [ 2 32  8  2]
 [ 4  8 32  4]]
Move.DOWN
[[ 4  4  2  2]
 [16  8 32  8]
 [ 2 32  8  2]
 [ 4  8 32  4]]
Move.DOWN
[[ 4  4  2  2]
 [16  8 32  8]
 [ 2 32  8  2]
 [ 4  8 32  4]]
Move.DOWN
[[ 4  4  2  2]
 [16  8 32  8]
 [ 2 32  8  2]
 [ 4  8 32  4]]
Move.DOWN
[[ 4  4  2  2]
 [16  8 32  8]
 [ 2 32  8  2]
 [ 4  8 32  4]]
Move.DOWN
[[ 4  4  2  2]
 [16  8 32  8]
 [ 2 32  8  2]
 [ 4  8 32  4]]
Move.DOWN
[[ 4  4  2  2]
 [16  8 32  8]
 [ 2 32  8  2]
 [ 4  8 32  4]]
Move.DOWN
[[ 4  4  2  2]
 [16  8 32  8]
 [ 2 32  8  2]
 [ 4  8 32  4]]
Move.DOWN
[[ 4  4  2  2]
 [16  8 32  8]
 [ 2 32  8  2]
 [ 4  8 32  4]]
Move.DOWN
[[ 4  4  2  2]
 [16  8 32  8]
 [ 2 32  8  2]
 [ 4  8 32  4]]
Move.DOWN
[[ 4  4  2  2]
 [16  8 32  8]
 [ 2 32  8  2]
 [ 4  8 32  4]]
Move.DOWN
[[ 4  4  2  2]
 [16  8 32  8]
 [ 2 32  8  2]
 [ 4  8 32  4]]
Move.DOWN
[[ 4  4  2  2]
 [16  8 32  8]
 [ 2 32  8  2]
 [ 4  8 32  4]]
Move.DOWN
[[ 4  4  2  2]
 [16  8 32  8]
 [ 2 32  8  2]
 [ 4  8 32  4]]
Move.DOWN
[[ 4  4  2  2]
 [16  8 32  8]
 [ 2 32  8  2]
 [ 4  8 32  4]]
Move.DOWN
[[ 4  4  2  2]
 [16  8 32  8]
 [ 2 32  8  2]
 [ 4  8 32  4]]
Move.DOWN
[[ 4  4  2  2]
 [16  8 32  8]
 [ 2 32  8  2]
 [ 4  8 32  4]]
Move.DOWN
[[ 4  4  2  2]
 [16  8 32  8]
 [ 2 32  8  2]
 [ 4  8 32  4]]
Move.DOWN
[[ 4  4  2  2]
 [16  8 32  8]
 [ 2 32  8  2]
 [ 4  8 32  4]]
Move.DOWN
[[ 4  4  2  2]
 [16  8 32  8]
 [ 2 32  8  2]
 [ 4  8 32  4]]
Move.DOWN
[[ 4  4  2  2]
 [16  8 32  8]
 [ 2 32  8  2]
 [ 4  8 32  4]]
Move.DOWN
[[ 4  4  2  2]
 [16  8 32  8]
 [ 2 32  8  2]
 [ 4  8 32  4]]
Move.DOWN
[[ 4  4  2  2]
 [16  8 32  8]
 [ 2 32  8  2]
 [ 4  8 32  4]]
Move.DOWN
[[ 4  4  2  2]
 [16  8 32  8]
 [ 2 32  8  2]
 [ 4  8 32  4]]
Move.DOWN
[[ 4  4  2  2]
 [16  8 32  8]
 [ 2 32  8  2]
 [ 4  8 32  4]]
Move.DOWN
[[ 4  4  2  2]
 [16  8 32  8]
 [ 2 32  8  2]
 [ 4  8 32  4]]
Move.DOWN
[[ 4  4  2  2]
 [16  8 32  8]
 [ 2 32  8  2]
 [ 4  8 32  4]]
Move.DOWN
[[ 4  4  2  2]
 [16  8 32  8]
 [ 2 32  8  2]
 [ 4  8 32  4]]
Move.DOWN
[[ 4  4  2  2]
 [16  8 32  8]
 [ 2 32  8  2]
 [ 4  8 32  4]]
Move.DOWN
[[ 4  4  2  2]
 [16  8 32  8]
 [ 2 32  8  2]
 [ 4  8 32  4]]
Move.DOWN
[[ 4  4  2  2]
 [16  8 32  8]
 [ 2 32  8  2]
 [ 4  8 32  4]]
Move.DOWN
[[ 4  4  2  2]
 [16  8 32  8]
 [ 2 32  8  2]
 [ 4  8 32  4]]
Move.DOWN
[[ 4  4  2  2]
 [16  8 32  8]
 [ 2 32  8  2]
 [ 4  8 32  4]]
Move.DOWN
[[ 4  4  2  2]
 [16  8 32  8]
 [ 2 32  8  2]
 [ 4  8 32  4]]
Move.DOWN
[[ 4  4  2  2]
 [16  8 32  8]
 [ 2 32  8  2]
 [ 4  8 32  4]]
Move.DOWN
[[ 4  4  2  2]
 [16  8 32  8]
 [ 2 32  8  2]
 [ 4  8 32  4]]
Move.RIGHT
[[ 2  0  8  4]
 [16  8 32  8]
 [ 2 32  8  2]
 [ 4  8 32  4]]
Move.DOWN
[[ 2  2  8  4]
 [16  8 32  8]
 [ 2 32  8  2]
 [ 4  8 32  4]]
Move.DOWN
[[ 2  2  8  4]
 [16  8 32  8]
 [ 2 32  8  2]
 [ 4  8 32  4]]
Move.DOWN
[[ 2  2  8  4]
 [16  8 32  8]
 [ 2 32  8  2]
 [ 4  8 32  4]]
Move.DOWN
[[ 2  2  8  4]
 [16  8 32  8]
 [ 2 32  8  2]
 [ 4  8 32  4]]
Move.DOWN
[[ 2  2  8  4]
 [16  8 32  8]
 [ 2 32  8  2]
 [ 4  8 32  4]]
Move.DOWN
[[ 2  2  8  4]
 [16  8 32  8]
 [ 2 32  8  2]
 [ 4  8 32  4]]
Move.DOWN
[[ 2  2  8  4]
 [16  8 32  8]
 [ 2 32  8  2]
 [ 4  8 32  4]]
Move.DOWN
[[ 2  2  8  4]
 [16  8 32  8]
 [ 2 32  8  2]
 [ 4  8 32  4]]
Move.DOWN
[[ 2  2  8  4]
 [16  8 32  8]
 [ 2 32  8  2]
 [ 4  8 32  4]]
Move.DOWN
[[ 2  2  8  4]
 [16  8 32  8]
 [ 2 32  8  2]
 [ 4  8 32  4]]
Move.DOWN
[[ 2  2  8  4]
 [16  8 32  8]
 [ 2 32  8  2]
 [ 4  8 32  4]]
Move.DOWN
[[ 2  2  8  4]
 [16  8 32  8]
 [ 2 32  8  2]
 [ 4  8 32  4]]
Move.DOWN
[[ 2  2  8  4]
 [16  8 32  8]
 [ 2 32  8  2]
 [ 4  8 32  4]]
Move.DOWN
[[ 2  2  8  4]
 [16  8 32  8]
 [ 2 32  8  2]
 [ 4  8 32  4]]
Move.DOWN
[[ 2  2  8  4]
 [16  8 32  8]
 [ 2 32  8  2]
 [ 4  8 32  4]]
Move.DOWN
[[ 2  2  8  4]
 [16  8 32  8]
 [ 2 32  8  2]
 [ 4  8 32  4]]
Move.DOWN
[[ 2  2  8  4]
 [16  8 32  8]
 [ 2 32  8  2]
 [ 4  8 32  4]]
Move.DOWN
[[ 2  2  8  4]
 [16  8 32  8]
 [ 2 32  8  2]
 [ 4  8 32  4]]
Move.DOWN
[[ 2  2  8  4]
 [16  8 32  8]
 [ 2 32  8  2]
 [ 4  8 32  4]]
Move.DOWN
[[ 2  2  8  4]
 [16  8 32  8]
 [ 2 32  8  2]
 [ 4  8 32  4]]
Move.DOWN
[[ 2  2  8  4]
 [16  8 32  8]
 [ 2 32  8  2]
 [ 4  8 32  4]]
Move.DOWN
[[ 2  2  8  4]
 [16  8 32  8]
 [ 2 32  8  2]
 [ 4  8 32  4]]
Move.DOWN
[[ 2  2  8  4]
 [16  8 32  8]
 [ 2 32  8  2]
 [ 4  8 32  4]]
Move.DOWN
[[ 2  2  8  4]
 [16  8 32  8]
 [ 2 32  8  2]
 [ 4  8 32  4]]
Move.DOWN
[[ 2  2  8  4]
 [16  8 32  8]
 [ 2 32  8  2]
 [ 4  8 32  4]]
Move.DOWN
[[ 2  2  8  4]
 [16  8 32  8]
 [ 2 32  8  2]
 [ 4  8 32  4]]
Move.DOWN
[[ 2  2  8  4]
 [16  8 32  8]
 [ 2 32  8  2]
 [ 4  8 32  4]]
Move.DOWN
[[ 2  2  8  4]
 [16  8 32  8]
 [ 2 32  8  2]
 [ 4  8 32  4]]
Move.DOWN
[[ 2  2  8  4]
 [16  8 32  8]
 [ 2 32  8  2]
 [ 4  8 32  4]]
Move.DOWN
[[ 2  2  8  4]
 [16  8 32  8]
 [ 2 32  8  2]
 [ 4  8 32  4]]
Move.DOWN
[[ 2  2  8  4]
 [16  8 32  8]
 [ 2 32  8  2]
 [ 4  8 32  4]]
Move.DOWN
[[ 2  2  8  4]
 [16  8 32  8]
 [ 2 32  8  2]
 [ 4  8 32  4]]
Move.DOWN
[[ 2  2  8  4]
 [16  8 32  8]
 [ 2 32  8  2]
 [ 4  8 32  4]]
Move.DOWN
[[ 2  2  8  4]
 [16  8 32  8]
 [ 2 32  8  2]
 [ 4  8 32  4]]
Move.DOWN
[[ 2  2  8  4]
 [16  8 32  8]
 [ 2 32  8  2]
 [ 4  8 32  4]]
Move.DOWN
[[ 2  2  8  4]
 [16  8 32  8]
 [ 2 32  8  2]
 [ 4  8 32  4]]
Move.DOWN
[[ 2  2  8  4]
 [16  8 32  8]
 [ 2 32  8  2]
 [ 4  8 32  4]]
Move.DOWN
[[ 2  2  8  4]
 [16  8 32  8]
 [ 2 32  8  2]
 [ 4  8 32  4]]
Move.DOWN
[[ 2  2  8  4]
 [16  8 32  8]
 [ 2 32  8  2]
 [ 4  8 32  4]]
Move.DOWN
[[ 2  2  8  4]
 [16  8 32  8]
 [ 2 32  8  2]
 [ 4  8 32  4]]
Move.DOWN
[[ 2  2  8  4]
 [16  8 32  8]
 [ 2 32  8  2]
 [ 4  8 32  4]]
Move.DOWN
[[ 2  2  8  4]
 [16  8 32  8]
 [ 2 32  8  2]
 [ 4  8 32  4]]
Move.DOWN
[[ 2  2  8  4]
 [16  8 32  8]
 [ 2 32  8  2]
 [ 4  8 32  4]]
Move.DOWN
[[ 2  2  8  4]
 [16  8 32  8]
 [ 2 32  8  2]
 [ 4  8 32  4]]
Move.DOWN
[[ 2  2  8  4]
 [16  8 32  8]
 [ 2 32  8  2]
 [ 4  8 32  4]]
Move.DOWN
[[ 2  2  8  4]
 [16  8 32  8]
 [ 2 32  8  2]
 [ 4  8 32  4]]
Move.DOWN
[[ 2  2  8  4]
 [16  8 32  8]
 [ 2 32  8  2]
 [ 4  8 32  4]]
Move.DOWN
[[ 2  2  8  4]
 [16  8 32  8]
 [ 2 32  8  2]
 [ 4  8 32  4]]
Move.DOWN
[[ 2  2  8  4]
 [16  8 32  8]
 [ 2 32  8  2]
 [ 4  8 32  4]]
Move.DOWN
[[ 2  2  8  4]
 [16  8 32  8]
 [ 2 32  8  2]
 [ 4  8 32  4]]
Move.DOWN
[[ 2  2  8  4]
 [16  8 32  8]
 [ 2 32  8  2]
 [ 4  8 32  4]]
Move.DOWN
[[ 2  2  8  4]
 [16  8 32  8]
 [ 2 32  8  2]
 [ 4  8 32  4]]
Move.DOWN
[[ 2  2  8  4]
 [16  8 32  8]
 [ 2 32  8  2]
 [ 4  8 32  4]]
Move.DOWN
[[ 2  2  8  4]
 [16  8 32  8]
 [ 2 32  8  2]
 [ 4  8 32  4]]
Move.DOWN
[[ 2  2  8  4]
 [16  8 32  8]
 [ 2 32  8  2]
 [ 4  8 32  4]]
Move.DOWN
[[ 2  2  8  4]
 [16  8 32  8]
 [ 2 32  8  2]
 [ 4  8 32  4]]
Move.DOWN
[[ 2  2  8  4]
 [16  8 32  8]
 [ 2 32  8  2]
 [ 4  8 32  4]]
Move.DOWN
[[ 2  2  8  4]
 [16  8 32  8]
 [ 2 32  8  2]
 [ 4  8 32  4]]
Move.DOWN
[[ 2  2  8  4]
 [16  8 32  8]
 [ 2 32  8  2]
 [ 4  8 32  4]]
Move.DOWN
[[ 2  2  8  4]
 [16  8 32  8]
 [ 2 32  8  2]
 [ 4  8 32  4]]
Move.DOWN
[[ 2  2  8  4]
 [16  8 32  8]
 [ 2 32  8  2]
 [ 4  8 32  4]]
Move.DOWN
[[ 2  2  8  4]
 [16  8 32  8]
 [ 2 32  8  2]
 [ 4  8 32  4]]
Move.DOWN
[[ 2  2  8  4]
 [16  8 32  8]
 [ 2 32  8  2]
 [ 4  8 32  4]]
Move.DOWN
[[ 2  2  8  4]
 [16  8 32  8]
 [ 2 32  8  2]
 [ 4  8 32  4]]
Move.DOWN
[[ 2  2  8  4]
 [16  8 32  8]
 [ 2 32  8  2]
 [ 4  8 32  4]]
Move.DOWN
[[ 2  2  8  4]
 [16  8 32  8]
 [ 2 32  8  2]
 [ 4  8 32  4]]
Move.DOWN
[[ 2  2  8  4]
 [16  8 32  8]
 [ 2 32  8  2]
 [ 4  8 32  4]]
Move.DOWN
[[ 2  2  8  4]
 [16  8 32  8]
 [ 2 32  8  2]
 [ 4  8 32  4]]
Move.DOWN
[[ 2  2  8  4]
 [16  8 32  8]
 [ 2 32  8  2]
 [ 4  8 32  4]]
Move.DOWN
[[ 2  2  8  4]
 [16  8 32  8]
 [ 2 32  8  2]
 [ 4  8 32  4]]
Move.DOWN
[[ 2  2  8  4]
 [16  8 32  8]
 [ 2 32  8  2]
 [ 4  8 32  4]]
Move.DOWN
[[ 2  2  8  4]
 [16  8 32  8]
 [ 2 32  8  2]
 [ 4  8 32  4]]
Move.DOWN
[[ 2  2  8  4]
 [16  8 32  8]
 [ 2 32  8  2]
 [ 4  8 32  4]]
Move.DOWN
[[ 2  2  8  4]
 [16  8 32  8]
 [ 2 32  8  2]
 [ 4  8 32  4]]
Move.LEFT
[[ 4  8  4  2]
 [16  8 32  8]
 [ 2 32  8  2]
 [ 4  8 32  4]]
Move.DOWN
[[ 4  2  4  2]
 [16 16 32  8]
 [ 2 32  8  2]
 [ 4  8 32  4]]
Move.DOWN
[[ 4  2  4  2]
 [16 16 32  8]
 [ 2 32  8  2]
 [ 4  8 32  4]]
Move.DOWN
[[ 4  2  4  2]
 [16 16 32  8]
 [ 2 32  8  2]
 [ 4  8 32  4]]
Move.DOWN
[[ 4  2  4  2]
 [16 16 32  8]
 [ 2 32  8  2]
 [ 4  8 32  4]]
Move.DOWN
[[ 4  2  4  2]
 [16 16 32  8]
 [ 2 32  8  2]
 [ 4  8 32  4]]
Move.DOWN
[[ 4  2  4  2]
 [16 16 32  8]
 [ 2 32  8  2]
 [ 4  8 32  4]]
Move.DOWN
[[ 4  2  4  2]
 [16 16 32  8]
 [ 2 32  8  2]
 [ 4  8 32  4]]
Move.DOWN
[[ 4  2  4  2]
 [16 16 32  8]
 [ 2 32  8  2]
 [ 4  8 32  4]]
Move.DOWN
[[ 4  2  4  2]
 [16 16 32  8]
 [ 2 32  8  2]
 [ 4  8 32  4]]
Move.DOWN
[[ 4  2  4  2]
 [16 16 32  8]
 [ 2 32  8  2]
 [ 4  8 32  4]]
Move.DOWN
[[ 4  2  4  2]
 [16 16 32  8]
 [ 2 32  8  2]
 [ 4  8 32  4]]
Move.DOWN
[[ 4  2  4  2]
 [16 16 32  8]
 [ 2 32  8  2]
 [ 4  8 32  4]]
Move.DOWN
[[ 4  2  4  2]
 [16 16 32  8]
 [ 2 32  8  2]
 [ 4  8 32  4]]
Move.DOWN
[[ 4  2  4  2]
 [16 16 32  8]
 [ 2 32  8  2]
 [ 4  8 32  4]]
Move.DOWN
[[ 4  2  4  2]
 [16 16 32  8]
 [ 2 32  8  2]
 [ 4  8 32  4]]
Move.DOWN
[[ 4  2  4  2]
 [16 16 32  8]
 [ 2 32  8  2]
 [ 4  8 32  4]]
Move.DOWN
[[ 4  2  4  2]
 [16 16 32  8]
 [ 2 32  8  2]
 [ 4  8 32  4]]
Move.DOWN
[[ 4  2  4  2]
 [16 16 32  8]
 [ 2 32  8  2]
 [ 4  8 32  4]]
Move.DOWN
[[ 4  2  4  2]
 [16 16 32  8]
 [ 2 32  8  2]
 [ 4  8 32  4]]
Move.DOWN
[[ 4  2  4  2]
 [16 16 32  8]
 [ 2 32  8  2]
 [ 4  8 32  4]]
Move.DOWN
[[ 4  2  4  2]
 [16 16 32  8]
 [ 2 32  8  2]
 [ 4  8 32  4]]
Move.DOWN
[[ 4  2  4  2]
 [16 16 32  8]
 [ 2 32  8  2]
 [ 4  8 32  4]]
Move.DOWN
[[ 4  2  4  2]
 [16 16 32  8]
 [ 2 32  8  2]
 [ 4  8 32  4]]
Move.DOWN
[[ 4  2  4  2]
 [16 16 32  8]
 [ 2 32  8  2]
 [ 4  8 32  4]]
Move.DOWN
[[ 4  2  4  2]
 [16 16 32  8]
 [ 2 32  8  2]
 [ 4  8 32  4]]
Move.DOWN
[[ 4  2  4  2]
 [16 16 32  8]
 [ 2 32  8  2]
 [ 4  8 32  4]]
Move.DOWN
[[ 4  2  4  2]
 [16 16 32  8]
 [ 2 32  8  2]
 [ 4  8 32  4]]
Move.DOWN
[[ 4  2  4  2]
 [16 16 32  8]
 [ 2 32  8  2]
 [ 4  8 32  4]]
Move.DOWN
[[ 4  2  4  2]
 [16 16 32  8]
 [ 2 32  8  2]
 [ 4  8 32  4]]
Move.DOWN
[[ 4  2  4  2]
 [16 16 32  8]
 [ 2 32  8  2]
 [ 4  8 32  4]]
Move.DOWN
[[ 4  2  4  2]
 [16 16 32  8]
 [ 2 32  8  2]
 [ 4  8 32  4]]
Move.DOWN
[[ 4  2  4  2]
 [16 16 32  8]
 [ 2 32  8  2]
 [ 4  8 32  4]]
Move.DOWN
[[ 4  2  4  2]
 [16 16 32  8]
 [ 2 32  8  2]
 [ 4  8 32  4]]
Move.DOWN
[[ 4  2  4  2]
 [16 16 32  8]
 [ 2 32  8  2]
 [ 4  8 32  4]]
Move.DOWN
[[ 4  2  4  2]
 [16 16 32  8]
 [ 2 32  8  2]
 [ 4  8 32  4]]
Move.DOWN
[[ 4  2  4  2]
 [16 16 32  8]
 [ 2 32  8  2]
 [ 4  8 32  4]]
Move.DOWN
[[ 4  2  4  2]
 [16 16 32  8]
 [ 2 32  8  2]
 [ 4  8 32  4]]
Move.DOWN
[[ 4  2  4  2]
 [16 16 32  8]
 [ 2 32  8  2]
 [ 4  8 32  4]]
Move.DOWN
[[ 4  2  4  2]
 [16 16 32  8]
 [ 2 32  8  2]
 [ 4  8 32  4]]
Move.DOWN
[[ 4  2  4  2]
 [16 16 32  8]
 [ 2 32  8  2]
 [ 4  8 32  4]]
Move.DOWN
[[ 4  2  4  2]
 [16 16 32  8]
 [ 2 32  8  2]
 [ 4  8 32  4]]
Move.DOWN
[[ 4  2  4  2]
 [16 16 32  8]
 [ 2 32  8  2]
 [ 4  8 32  4]]
Move.DOWN
[[ 4  2  4  2]
 [16 16 32  8]
 [ 2 32  8  2]
 [ 4  8 32  4]]
Move.DOWN
[[ 4  2  4  2]
 [16 16 32  8]
 [ 2 32  8  2]
 [ 4  8 32  4]]
Move.DOWN
[[ 4  2  4  2]
 [16 16 32  8]
 [ 2 32  8  2]
 [ 4  8 32  4]]
Move.DOWN
[[ 4  2  4  2]
 [16 16 32  8]
 [ 2 32  8  2]
 [ 4  8 32  4]]
Move.LEFT
[[ 4  2  4  2]
 [32 32  8  2]
 [ 2 32  8  2]
 [ 4  8 32  4]]
Move.DOWN
[[ 4  0  0  2]
 [32  2  4  2]
 [ 2 64 16  4]
 [ 4  8 32  4]]
Move.DOWN
[[ 4  0  0  2]
 [32  2  4  0]
 [ 2 64 16  4]
 [ 4  8 32  8]]
Move.DOWN
[[ 4  0  2  0]
 [32  2  4  2]
 [ 2 64 16  4]
 [ 4  8 32  8]]
Move.RIGHT
[[ 0  2  4  2]
 [32  2  4  2]
 [ 2 64 16  4]
 [ 4  8 32  8]]
Move.DOWN
[[ 0  2  0  0]
 [32  4  8  4]
 [ 2 64 16  4]
 [ 4  8 32  8]]
Move.DOWN
[[ 2  2  0  0]
 [32  4  8  0]
 [ 2 64 16  8]
 [ 4  8 32  8]]
Move.DOWN
[[ 2  2  0  2]
 [32  4  8  0]
 [ 2 64 16  0]
 [ 4  8 32 16]]
Move.DOWN
[[ 2  2  0  2]
 [32  4  8  0]
 [ 2 64 16  2]
 [ 4  8 32 16]]
Move.DOWN
[[ 2  2  2  0]
 [32  4  8  0]
 [ 2 64 16  4]
 [ 4  8 32 16]]
Move.DOWN
[[ 2  2  2  0]
 [32  4  8  2]
 [ 2 64 16  4]
 [ 4  8 32 16]]
Move.DOWN
[[ 2  2  2  2]
 [32  4  8  2]
 [ 2 64 16  4]
 [ 4  8 32 16]]
Move.DOWN
[[ 2  2  2  2]
 [32  4  8  4]
 [ 2 64 16  4]
 [ 4  8 32 16]]
Move.DOWN
[[ 2  2  2  2]
 [32  4  8  2]
 [ 2 64 16  8]
 [ 4  8 32 16]]
Move.DOWN
[[ 2  2  2  2]
 [32  4  8  4]
 [ 2 64 16  8]
 [ 4  8 32 16]]
Move.DOWN
[[ 2  2  2  2]
 [32  4  8  4]
 [ 2 64 16  8]
 [ 4  8 32 16]]
Move.UP
[[ 2  2  2  2]
 [32  4  8  4]
 [ 2 64 16  8]
 [ 4  8 32 16]]
Move.DOWN
[[ 2  2  2  2]
 [32  4  8  4]
 [ 2 64 16  8]
 [ 4  8 32 16]]
Move.DOWN
[[ 2  2  2  2]
 [32  4  8  4]
 [ 2 64 16  8]
 [ 4  8 32 16]]
Move.DOWN
[[ 2  2  2  2]
 [32  4  8  4]
 [ 2 64 16  8]
 [ 4  8 32 16]]
Move.DOWN
[[ 2  2  2  2]
 [32  4  8  4]
 [ 2 64 16  8]
 [ 4  8 32 16]]
Move.DOWN
[[ 2  2  2  2]
 [32  4  8  4]
 [ 2 64 16  8]
 [ 4  8 32 16]]
Move.DOWN
[[ 2  2  2  2]
 [32  4  8  4]
 [ 2 64 16  8]
 [ 4  8 32 16]]
Move.DOWN
[[ 2  2  2  2]
 [32  4  8  4]
 [ 2 64 16  8]
 [ 4  8 32 16]]
Move.LEFT
[[ 4  4  0  2]
 [32  4  8  4]
 [ 2 64 16  8]
 [ 4  8 32 16]]
Move.DOWN
[[ 4  0  2  2]
 [32  8  8  4]
 [ 2 64 16  8]
 [ 4  8 32 16]]
Move.DOWN
[[ 4  0  2  2]
 [32  8  8  4]
 [ 2 64 16  8]
 [ 4  2 32 16]]
Move.DOWN
[[ 4  0  2  2]
 [32  8  8  2]
 [ 2 64 16  8]
 [ 4  2 32 16]]
Move.DOWN
[[ 4  2  2  0]
 [32  8  8  4]
 [ 2 64 16  8]
 [ 4  2 32 16]]
Move.DOWN
[[ 4  2  2  2]
 [32  8  8  4]
 [ 2 64 16  8]
 [ 4  2 32 16]]
Move.DOWN
[[ 4  2  2  2]
 [32  8  8  4]
 [ 2 64 16  8]
 [ 4  2 32 16]]
Move.DOWN
[[ 4  2  2  2]
 [32  8  8  4]
 [ 2 64 16  8]
 [ 4  2 32 16]]
Move.DOWN
[[ 4  2  2  2]
 [32  8  8  4]
 [ 2 64 16  8]
 [ 4  2 32 16]]
Move.DOWN
[[ 4  2  2  2]
 [32  8  8  4]
 [ 2 64 16  8]
 [ 4  2 32 16]]
Move.DOWN
[[ 4  2  2  2]
 [32  8  8  4]
 [ 2 64 16  8]
 [ 4  2 32 16]]
Move.DOWN
[[ 4  2  2  2]
 [32  8  8  4]
 [ 2 64 16  8]
 [ 4  2 32 16]]
Move.DOWN
[[ 4  2  2  2]
 [32  8  8  4]
 [ 2 64 16  8]
 [ 4  2 32 16]]
Move.DOWN
[[ 4  2  2  2]
 [32  8  8  4]
 [ 2 64 16  8]
 [ 4  2 32 16]]
Move.DOWN
[[ 4  2  2  2]
 [32  8  8  4]
 [ 2 64 16  8]
 [ 4  2 32 16]]
Move.DOWN
[[ 4  2  2  2]
 [32  8  8  4]
 [ 2 64 16  8]
 [ 4  2 32 16]]
Move.DOWN
[[ 4  2  2  2]
 [32  8  8  4]
 [ 2 64 16  8]
 [ 4  2 32 16]]
Move.DOWN
[[ 4  2  2  2]
 [32  8  8  4]
 [ 2 64 16  8]
 [ 4  2 32 16]]
Move.DOWN
[[ 4  2  2  2]
 [32  8  8  4]
 [ 2 64 16  8]
 [ 4  2 32 16]]
Move.DOWN
[[ 4  2  2  2]
 [32  8  8  4]
 [ 2 64 16  8]
 [ 4  2 32 16]]
Move.DOWN
[[ 4  2  2  2]
 [32  8  8  4]
 [ 2 64 16  8]
 [ 4  2 32 16]]
Move.DOWN
[[ 4  2  2  2]
 [32  8  8  4]
 [ 2 64 16  8]
 [ 4  2 32 16]]
Move.DOWN
[[ 4  2  2  2]
 [32  8  8  4]
 [ 2 64 16  8]
 [ 4  2 32 16]]
Move.DOWN
[[ 4  2  2  2]
 [32  8  8  4]
 [ 2 64 16  8]
 [ 4  2 32 16]]
Move.DOWN
[[ 4  2  2  2]
 [32  8  8  4]
 [ 2 64 16  8]
 [ 4  2 32 16]]
Move.DOWN
[[ 4  2  2  2]
 [32  8  8  4]
 [ 2 64 16  8]
 [ 4  2 32 16]]
Move.DOWN
[[ 4  2  2  2]
 [32  8  8  4]
 [ 2 64 16  8]
 [ 4  2 32 16]]
Move.DOWN
[[ 4  2  2  2]
 [32  8  8  4]
 [ 2 64 16  8]
 [ 4  2 32 16]]
Move.DOWN
[[ 4  2  2  2]
 [32  8  8  4]
 [ 2 64 16  8]
 [ 4  2 32 16]]
Move.DOWN
[[ 4  2  2  2]
 [32  8  8  4]
 [ 2 64 16  8]
 [ 4  2 32 16]]
Move.DOWN
[[ 4  2  2  2]
 [32  8  8  4]
 [ 2 64 16  8]
 [ 4  2 32 16]]
Move.DOWN
[[ 4  2  2  2]
 [32  8  8  4]
 [ 2 64 16  8]
 [ 4  2 32 16]]
Move.DOWN
[[ 4  2  2  2]
 [32  8  8  4]
 [ 2 64 16  8]
 [ 4  2 32 16]]
Move.DOWN
[[ 4  2  2  2]
 [32  8  8  4]
 [ 2 64 16  8]
 [ 4  2 32 16]]
Move.DOWN
[[ 4  2  2  2]
 [32  8  8  4]
 [ 2 64 16  8]
 [ 4  2 32 16]]
Move.DOWN
[[ 4  2  2  2]
 [32  8  8  4]
 [ 2 64 16  8]
 [ 4  2 32 16]]
Move.DOWN
[[ 4  2  2  2]
 [32  8  8  4]
 [ 2 64 16  8]
 [ 4  2 32 16]]
Move.DOWN
[[ 4  2  2  2]
 [32  8  8  4]
 [ 2 64 16  8]
 [ 4  2 32 16]]
Move.DOWN
[[ 4  2  2  2]
 [32  8  8  4]
 [ 2 64 16  8]
 [ 4  2 32 16]]
Move.DOWN
[[ 4  2  2  2]
 [32  8  8  4]
 [ 2 64 16  8]
 [ 4  2 32 16]]
Move.DOWN
[[ 4  2  2  2]
 [32  8  8  4]
 [ 2 64 16  8]
 [ 4  2 32 16]]
Move.DOWN
[[ 4  2  2  2]
 [32  8  8  4]
 [ 2 64 16  8]
 [ 4  2 32 16]]
Move.DOWN
[[ 4  2  2  2]
 [32  8  8  4]
 [ 2 64 16  8]
 [ 4  2 32 16]]
Move.DOWN
[[ 4  2  2  2]
 [32  8  8  4]
 [ 2 64 16  8]
 [ 4  2 32 16]]
Move.DOWN
[[ 4  2  2  2]
 [32  8  8  4]
 [ 2 64 16  8]
 [ 4  2 32 16]]
Move.DOWN
[[ 4  2  2  2]
 [32  8  8  4]
 [ 2 64 16  8]
 [ 4  2 32 16]]
Move.DOWN
[[ 4  2  2  2]
 [32  8  8  4]
 [ 2 64 16  8]
 [ 4  2 32 16]]
Move.DOWN
[[ 4  2  2  2]
 [32  8  8  4]
 [ 2 64 16  8]
 [ 4  2 32 16]]
Move.DOWN
[[ 4  2  2  2]
 [32  8  8  4]
 [ 2 64 16  8]
 [ 4  2 32 16]]
Move.DOWN
[[ 4  2  2  2]
 [32  8  8  4]
 [ 2 64 16  8]
 [ 4  2 32 16]]
Move.DOWN
[[ 4  2  2  2]
 [32  8  8  4]
 [ 2 64 16  8]
 [ 4  2 32 16]]
Move.DOWN
[[ 4  2  2  2]
 [32  8  8  4]
 [ 2 64 16  8]
 [ 4  2 32 16]]
Move.RIGHT
[[ 2  4  2  4]
 [ 0 32 16  4]
 [ 2 64 16  8]
 [ 4  2 32 16]]
Move.LEFT
[[ 2  4  2  4]
 [32 16  4  2]
 [ 2 64 16  8]
 [ 4  2 32 16]]
Move.DOWN
[[ 2  4  2  4]
 [32 16  4  2]
 [ 2 64 16  8]
 [ 4  2 32 16]]
